45562329279084702 39418897219468897
906919291386260468 458534492197896602
368930686410781425 74250249084395347
127374900214628572 60639514755229281
93306466363611164 60017437025025544
204333288763394524 191080735664007347
830645926015045055 697639797445884791
741447127503210053 303978359652382995
626733890314574599 282215637559310098
988710026260689379 551460645636088576
447443712560362050 300903486478659448
433332868650677516 392951310881020765
123276185805655583 66152501228547449
737408718112296399 388563340527979931
324259274802635701 148094038730962592
857005780472009796 426873412374156296
381014993612212458 50685636881664434
151729969320183793 70217820950004892
723327569776978052 480317233231938652
426909673219914815 130600733593061792
229758562125965490 218582468386890644
876741411597305162 741343335176612594
82054957085583093 68008717365935847
455588311285971126 294766802337592859
717571983840032148 360413084470901905
670126637551124596 315492253309667329
743366283036387910 735450652859231491
244823182837757305 63068011041947319
310846480517659959 250789388187959600
377029272423324328 365267961444211133
147463949837934490 114159110284043130
960587307750034997 546314784123700246
954575814844065111 32559750501475516
242473450995491692 185808605839682237
708270643398819541 351106830752420962
731768794872976426 725188856809585733
135221113268454207 7483497158258539
975751029739319640 225373745659576789
537752077912491316 155455182188423668
406129340651928073 314836294771044471
570892795295519893 289821080607838334
437312729769732605 271793094585604326
127590235619149830 53684766936470406
425500340778161048 196590761351051363
164397457334352684 152841228970907404
21396180956782611 3612346489209481
274654181397063721 3704455465605909
603530271659423046 77307350030634266
48525663912409426 22358429669344824
949021297223337073 197978080062241213
77830067452289247 33867407411907066
256344922185271887 249827888620535560
329690948441554349 134696696685155458
739400236882873857 256633487995291393
72903349218170969 34446662481778456
245714940645120597 3355451610445101
903369459278041965 249673041688710338
612543905973357888 362688605919446007
701199370888537631 355075914838054165
869456514499249064 830870966946992231
576660053425725568 301319930697284566
113691593151911873 96956408053203610
542928304874243325 408992927541687358
527730479641211695 517635953704540185
751671942650360353 268983957202944201
969876801514235388 741300561662987088
215813309233731975 101734845525191295
693100041319722093 324420980797320188
151099934300084078 42092625368807448
606277767166806987 206494111596051482
435237406811359773 316021616252951111
506493987992344142 183468776486677571
411223132076447001 189759522706218743
228010611020383030 42919242523857701
66354689134710528 32823076750954412
28784198981497442 16481914821929513
441088727092632198 178870620379297663
976996712468627797 748758652091791165
839191836599687334 548302699985291778
760904097723893029 674090643624973292
930000025218293615 556361293847934091
96119891832503103 14578987710630533
807611144529352288 678830160390453752
814320809971666532 174180918139056710
517490987190526865 331283156359451427
292684926747107128 27970797258298260
962073913500632955 210829155903507565
328717743119893441 81549710839102219
236772345399604101 2182864931626034
676245394448753083 92443481024237229
102718962359449673 30789014805467506
533511020525480151 345033012787906053
669675370756866676 524199827325501541
958695866180787372 265589356833315228
834185189758686000 588721967493744374
283574876453178761 172035225128166501
409367524272424302 162792172626112866
554730415887605997 317109450653591583
487283417365361550 8337532294234979
141338471671626949 32126109924494445
918851419695171863 790688303131865196
606970276650100657 43271086753697227
511064401481077094 320816201858030324
740399322040296487 638350551418465953
646625115231557410 624393380604613191
805653078609726346 730776726934489330
978508054469584152 221798641124294314
731561794455595858 260455615390247966
171185767107031955 130285711187941214
210058102170337186 77343224969935637
242082656753395288 74349772363129543
233603073453687591 11452120758774980
4112185675415477 2534962375093515
637092452856818642 332323930279462953
991202041293559358 762060131629155892
260743370594174467 235069367546397018
839363150012331232 718745636758225217
814509872959841220 780263354182446543
618102125032005309 454521204523549973
594081299053635745 316827176739872591
651064335428265153 407081625166023386
402016679407948945 85312488238747454
313487164158569918 200018737601050051
600018483812824483 389106108556472767
159466995363407285 90911522954480948
965020203641159944 623837430630897031
260566034521884258 20318137402516948
470602432229198111 267941437664216825
473106262381467357 214341830272326463
620373342609557961 592735746272460948
87806440051837241 6465743193297287
765012222099761907 702029290067817214
145905385541371550 138349301382892653
815750641926823518 291211215184642614
773475765053904919 482876615821879325
988352990700215692 243331188393506213
152789637710784086 115848326475317579
411383002325746913 128389612597533218
876084668965366705 832975922752332658
168762162255674705 95747239286376837
13781564521637241 5527555200068275
135296857905943611 102353416906264965
592442069546103734 581821950045105959
247922924916612701 137967530846771031
750286043888556065 551485674719385204
801955186925207669 337412970967816478
474808233356498011 146589532496915908
429966783017438319 206310428002472237
676766183716898334 287016745283905533
573990691022059750 326965894554341821
384293943528210060 87122191315119034
670256141200444675 33288183718678928
477524931175552588 412279562295904191
526840682708111190 304759225758752222
107918815074401606 29235936665525926
184863275668300563 177133796654942066
803111938013410216 800400753243084026
450694234037138840 260244374412596855
285230795302665168 171462086952125232
30569214433984274 18820018575666948
792269634269581504 401821988248091580
486328515652332964 324096906234505787
909034881061445127 609538886761705024
733433477435658221 464915460752407946
861980657665096569 844389350743788214
652865714909595521 275873407317321469
234490142759876721 59842178017735847
488506161520154107 297668462266443658
229173213448153001 196295988620176257
972736810121092976 818111674068453443
415503851261920176 22215294684591738
821654945030377054 339206058257940872
387482101542357869 54343706088814512
964328010944706788 929626640822435677
891661378995627809 148938696477703977
830929442434682706 349464317761770807
38012350749173134 12164748330764748
898531220025550854 40118310792766641
552673635458093129 22189758973306517
972141592428598779 403554346962237070
969167415667184107 877943076269551022
255752474259004436 50773662524735380
523930567443757516 271787242806661154
10687254314135546 8458869454844812
300811584802402848 180725949690101300
15537189747636357 12296119217982125
287119891450090798 59701129618761286
849818406191884709 680886871444862616
800643129618656090 361328391786042154
61738979085500851 38636044804690983
607231488492051849 319905920779816072
885656310270945343 502492062761559920
259018291960114890 178891536424858439
291156064654125083 78846119772181813
438559712484591513 410884199164182960
649675340040420272 10756572230664741
55279439466596149 50060498009186491
490428699593591553 342719290235742935
985986410558696386 893114374911545350
906856916475402092 282109010878542167
121712655092098806 35071788818550212
468325386637906077 277305175163304049
802421936821038353 389181101849535306
734354025076877764 665034484186239503
447806898815870586 147878631378845949
149080208441047590 38488358487722970
997241939149072746 711830069531005022
383405985468240071 276689249443658244
283387977615822422 219394810010266387
685506738783395786 251978234845451883
449164055115966387 335212749284677046
537774553105561049 434343337821722403
389731551572650623 47555677006574205
533113896484796171 35346781824807383
37312326641195060 9512102365336979
803819207495552253 669050729995053672
944281776986849721 323324887401598627
529013763213986197 77321669787153744
796277182750183902 591919953772286873
623099692360254465 569946307552141714
416556738919490662 141652484189524311
972644568882009096 516158192102491072
268422848592935821 123386988404612772
549657812966294580 407084619120818598
195154776553981150 60858560694710368
193009463895211854 170284797679347243
883091000301039052 809284294176722491
983136543750389389 290830931808694498
141127951053015835 126504686793142568
613805182196808332 307950599861880324
732758181221531125 207780231619691803
12998770797382310 2739406683840718
671456625997582732 418275505981600133
501088622949960368 109635025512853026
388512570278273332 51134449584543277
216261061052997796 51668991250842740
687030493714238331 264351507133255414
449120290690398935 24351190938716806
504215194466057039 2570157895491767
970139175365224268 902519510368310161
887853803301100418 516380282194772035
688886522920520965 216059377484360779
302030500022708002 70668274506932091
374410855693652318 203094352390629973
201453516168748532 109358074562229086
971890736980142172 894859732221934041
942907327136294086 516526016169381252
55661392054146855 17779358671967305
171629461410570415 135038718084759516
572088427704777336 565958977497818279
176606687365308692 95678859679367120
553648300720545658 224338960216897378
154389251443715646 8915973419247664
796849282448712593 238156197952835030
620681684383348211 600857382292783513
455928338741460901 447020458856458409
63040895770915815 52115372310244792
621436591759897775 400554833589418816
310411436007888863 216933336258523583
73072280715248520 31128594560828533
838388404028883688 431644444504482997
109924546801790845 104209033464311674
963372449322186065 739336601282329132
532126060036445053 53775364399386304
282658705443377330 271125516614505220
466817813641514474 278264398852343913
735092972100017795 217261802002420749
851985831115173066 702983555752675387
650365162690874239 609832688955299990
905440659336920171 163470264828798872
775908371832412166 224994963003353561
114152153932616722 102186939042765558
423678064755507387 18528170675786104
901238939824075201 206369467172104355
953729973523962125 1092381053710806
387346484210996005 44128045241464153
611533531330024805 405056138237113525
998146239353259503 978694299415412910
628977646630599083 163049124817722689
766595084104917500 1648738313409812
546230234038349892 410276871150154601
957126982545140627 60868940522329649
374756736338942759 293087784526608198
281250178190539587 34476300924926242
860885090113117878 573767066105962094
142241735541450647 71633504957343616
651850153188344753 305627750372005258
278200441396275687 226094821445069101
445039559100483784 213093944640026279
890630226973299229 799551129986209988
377531178918603524 86670245197691265
927018235107125397 345757999919740589
828155650688558551 84583229566937447
762037797013683436 288367783337944908
775672091651464677 49559949632943884
741985177815941570 29033793603928141
231379988700735682 174640651661437342
531222152189910140 367780064782988043
817144931244189634 89681506726858536
266147830850877118 173095563460616249
732069378956186242 516603123790051866
764222208153802064 236444046308090102
24451316177660727 14920724792892363
254178903357214872 189622499311355045
311245032986444521 6752185017783886
681332698762631016 655176292904709074
535785190586307374 41873173251526720
303966173695667865 122555223172971138
913446200455573054 452420127965246346
322675878692584374 195277886848722712
614758758264506921 84426420519830514
946402287867871727 177159103444321907
272888127124412716 75304593621290280
777057667594764228 729504351284775554
847638447332270817 18491977994543542
124104000852767679 35104183175757406
723771092747986038 166312436393277000
294178686410612804 81388244842401238
673089397682145239 135574835527086334
111761267107951610 61091493783260340
994564649050417951 672540449276261278
734092715625578306 379875666390422405
921183318151362219 772234015343127228
676502474876556577 273067888018039339
43795430157379590 15070629523402128
673856855211722062 403208337620365939
438072527580372821 206005218756114002
508653420825359500 247835955711439501
882891614584714406 393266864003560248
323542622623081356 196452088332509284
84157907924963233 55859425497352727
154259923033633747 76830299630987232
103507829681311869 67078218797223737
83143271407314258 50922327217107038
665812934670908739 466617818806921559
380713531052942797 234629852723918488
328301942733809424 18638151610453171
879497492201662248 686974102134288511
160774821102658908 101862358965507210
166538924572613177 52179457150637385
253254200973466329 242491731147661967
249208060908473372 85822216725487293
795379644013972488 503808507445387292
649149206265644342 528554005005556879
779119293662953778 237750384126985689
430241238951851787 404657830779356985
404168312923045411 174577051566530704
937347768502641232 687918528736110272
305726119106463483 264361195124852224
781281596315918784 490064985526683100
387012428885891176 297229762500465755
955993422130060082 766786354216403334
400553035607511647 269327663880105356
156632131826675846 65000427899390195
305004024066988567 289464578413992901
815485654856803100 438956642532051833
624336385857070074 271815717912441030
952693915293993543 322293937310746315
116409146490226847 89826898694815525
210990804586149538 7423648256342136
921641162413615889 331026338909960813
361799982421081641 199328795893684376
720624286271975537 410948145392070941
988149193985072786 828390969681549269
662889919942676971 557793932850447503
405012051216884970 26235179646847807
634520790440719370 600141801704496445
298510646354908371 170130469180208663
291429906514827175 134081227661660791
214011657922623308 72990954102030542
505524367038981451 174395823239556977
891189907906516334 533150133542477838
493381274403449961 455459363625994678
683562190773611184 632604506351577287
389719212216224965 213832805102234287
982597899247548155 581876954138166375
311830753753828991 68042016800982592
892222761929609123 387793000561972633
989063641921089953 661540304389837237
865810194742817655 849597656377805026
771236490317904977 511104561408169528
33483051032885678 23432891028047232
375903038230663248 174953329621737113
438583322191727259 388064391240485333
587320957531911915 224077563278354329
325636651441970639 33155625797619747
247950389098580523 150534371080520076
607253614200881436 572850482909703178
569854399075165076 136072548529103524
728709068914755440 623353345113980934
450057289749452944 445965417722955674
852656955070817771 754840071846226455
991231215700179680 40314389355934994
918646281474192163 93790507021595336
806065976600831868 80740300846861506
484496130198244856 16479752477951209
645264531653713722 90415237165509394
861059745316839283 87793293845959405
218987592955555752 205754790679761
766859735541906664 560152680810178020
588621053239866280 237497120458299466
363524956174326196 178576007512600232
74495042979268989 44227480779817012
92613509840529444 73798214590233051
774672221166467117 637122168075235293
236755100142184701 224543321614415173
130197673587232966 58026032217508642
861030117177757340 382364517580374042
315341521899819287 205304514135157652
761557781949801905 374511149904218200
517222187981226844 313068802846284868
578480539390491309 559267165659407208
317462912937427111 89820284127735650
82454689104752011 79329192120079811
334139113575458928 131618505804373041
706194520305669366 513834359564611631
440255872701397848 275362996488551373
788627331114538640 424953066975172985
450039920093560895 37083543816420214
679858514867314834 181480947900035170
370368432307589143 131668284636475390
654195330378550784 291619906473243557
971089601530583099 749475665776548594
348681767287964546 124794674248754973
711535858566817683 262043298550385301
689813863480266334 260138230710790307
276860392328576428 202032120151984173
700765808625405446 81606034835462492
170919106451012043 118525292792168534
478269982337588839 399736729282728491
478164699744654221 129144405654183240
18052727870365312 15009079009290939
315341109233042466 147435333180573396
449460853115811010 175012319226312949
771045954243111826 681330366438084414
830566880101678176 719348577963368324
333959045892261293 227337371715093954
366831723418998822 178083510808316324
14309261698574554 7726882456448587
815423605227759695 644762871055497643
427046487441440609 208983408245371401
867221388023804603 431752287586524673
522287164383650508 30134555314340693
569089898320539092 32822367791147381
460845786850059917 444751857887178736
461488454766669205 163676931046657626
834110590116870742 807236063442589579
924007604160830950 663864122706834758
65418329918388761 24542706513195999
752630360969210013 93295370160004663
160253457793159613 67041300347932429
453243314717103023 95463172740458952
979134302055476827 232981287768291032
702550386542456200 287485207434061795
656210988206302624 57443486606754393
315136874759107725 233163055440312752
997937069531741495 501220981276940415
535137472001390435 299843155749514869
734031439969845878 454893133169741216
298507027977292653 267697989216871925
792354541058226555 694284665250067381
859863084763675413 366990745790252514
649078286871170313 129146361291441341
629567087469427727 516733893557766085
661924662448779625 619444500583528970
901578766415226114 716986835499882883
567704006408088329 497313379366143011
473978241411128386 350428525929299329
974592183496674611 753222453473940031
419683576190847567 248036944919286788
940033173949891570 262673770774381523
672183699623495106 37285851638084588
367886989487552480 186007762956247153
104730547372534833 25519952862905140
661265486502259582 103509803069469440
209632967942453700 143568650481019126
863175614873613737 859438345694925074
749021274642072477 416587379954411086
557553150359740957 527435753600092357
463106636053594852 412777947995657960
13738787624710287 13639559929593555
192272559201024828 37626402212543446
616959658101979797 584834781099880598
140753041440929558 86931270643290990
542893527234284027 393971340658662838
246237855604708093 49838922336645385
581764558529546742 147459286631067624
217063559467500568 20551189365986439
424425478440281016 22214123295511525
692156559380856223 71665332827168847
201102727355646352 107918636456327276
745599804665794258 537238557323485414
66197205924907927 26326493379051305
91724540069926612 83618533196705914
270060182294201669 255756079828572171
161884813754548546 7661860323412066
778822820579306566 421119632156797112
889040160235981755 3308555799237690
768195936666612074 496281781190503666
192785923450237108 174226584349396738
624444123094704127 405973453501225960
98824903830876178 83763649077607946
991542898056025884 466639563091161584
205663196268626387 190204322152413441
917902124110647139 74704984631166259
455862135011010985 1720228463909532
664146320933365234 316380608280792008
925826509727913533 891809578433092589
485158538175908133 300219337500205805
943530591182491400 714833586959443684
175425245013496414 42578527078727055
392874135332271668 206978034938478619
211015702475339259 65390102973663919
832956946298497027 121978325880635949
114621407268620817 17305328897704693
791734451040007433 711869887521383921
97077694291976519 35612707912664099
769867184976504691 517590196371089558
84690993139662316 38165379364031900
851931747807795384 456392071728065711
915555238365049445 97440030062433595
709313022104485234 456448955441535995
852455960181280049 298917192842047513
940866791158184163 315608205604918724
710912704610697670 486143025036060729
951215954728926569 649957048061382867
834439034064152424 224133695389466922
438674380057544124 222029029786645977
419038647107583267 399617671496437794
716729270426428571 26540521292929166
350338238174221540 89568834197461501
264842589952933909 68184454560940232
228241126511350437 80740947706476554
706941333162511222 94450185601532557
935735622304051286 657885824330658675
854862755856060292 701064203934283519
71849063812854496 44689402376526579
100218980487945188 23116087948327807
307154983928395748 214367799912737494
614285277586002978 415901395435456553
673061405531409495 397431677205559366
437190551187908190 134500916858137113
109698489067551979 79884518102504063
758061661468338184 227515806544594345
771357252847348508 685903262726700312
319940855582151651 224318947650199270
494325501563387494 45607163339187661
635366359380322097 271146740085189009
12672638676774149 6518257320033224
172126440596935269 94162974408309330
975338928894063267 744635115464039616
809275269848095262 794148746071767953
831682677826907297 331200237783119412
819860229511194412 277890590424294981
490018132842350451 397936704141747631
398471569792556986 242673220262674750
789044757493355476 3811292546389557
582168735168340138 570230908602649048
837372711022301421 770797554226299287
719330636494691457 379535999696469551
195558101662700339 40308851195995852
454619152839680325 359209866597391014
753202016634318839 12300286213948493
119887768894945866 29561454536436483
932287548524293596 910075014888987960
856813131414039677 262438055514323733
468170634253686433 241137084314573048
467689793271409855 222983485771985264
798079544241274386 310287977834017327
469254788244822745 222345801423130591
891142559442895776 166499466250704877
580981202034191465 368048043738788454
142787213248408856 139282442774259713
585992886804120044 67717320259591718
453818200486292858 119792524936711944
567350169057046180 384916985050134926
524158438471165262 456098613459176399
144673567363424013 74834949104951363
497023435508813810 172795867054844960
761874859041461706 214012134098344150
191961808804325599 128474933405662605
438805798989189991 136843629554598053
648147516544836689 226461415972952737
636395808791867713 183842580600842795
443526862234020024 236386750623096655
770851425501037697 301320475752980651
900060767972123446 389287491127660702
78590514858974313 2710116738810427
313384192734016679 242830278307960551
8818289032619565 6156918072788704
19935474370029765 2568104218872038
365580289234738303 232793966770420039
676801415597389785 254982731057725279
894401127113453238 697944531020489862
369667775747478421 174168102156965235
957317707460803985 85180087551211171
625919238261893153 190631141546016036
181797838485301846 94241141997912032
608329689862546744 224009544471295479
524860071963277402 322201096353776994
415278302483059962 313756190553052111
428131869538193790 61103709042468977
598072970298660140 487538883463202382
246372426335695478 44424862423952701
590326298999061108 200999059183432424
116091758097497650 85339325000463316
990528737108328926 202283930330159387
458834379259659990 415589400208751009
365635676532562049 224214163011867001
370235937738384473 117331565796004297
768272480841917496 577248870584086510
366972319106610312 189931805564888135
684388038241163263 268921800098430370
7068111954889365 2915709668933924
667822989567323014 344550695758993846
786214204915813350 159250213676906264
512408033641154753 246410266989363723
740404054082566084 456242283110592130
819984075089330737 336738916369650100
107149813771800846 93341249482004323
734821885525605053 194801219928772328
962417399993778413 171244864722492691
939878397006127885 825688999961229193
484117531123762411 389773815410904978
668127744427425412 388197519586203436
50494965411716949 7263227270210205
107124255383668602 15931884099113811
404802150771126490 111073963094321604
995889047365410667 684807979266009554
764828935314641145 75124122308194243
16039089889191639 8308057572129007
648115756630806466 326133411750232387
532455627254987262 384600863373412487
427685924607504356 252723846267424702
954780865172427211 881717342222547844
692532017379913369 592084605463030915
949463862094886540 36104077952751559
342753057331895323 226547143656460071
568904083698703296 239587556228044182
555260880147960116 319387506187745914
768553627778120702 175721135264369001
582454461962160493 368868391593359387
573889382634824990 437359057924975752
161229729893144421 9239732969825858
669984202504574897 378416099746743848
749522337693203707 190620803768760242
58440211638802429 47106785130489808
321755093557986584 178547944279355122
224221643402348219 31550605281181453
835433203312892375 369742095370401222
871511850041921038 246530711923904406
674357776456572603 146735002742617700
728014905078659395 46271115844100685
826940923008212537 345883251402593743
52974965630555863 39096610652043849
542246296328860608 78538407901501985
79398010187648719 65209578419827614
42363633989519858 39722894500423358
9958159302105202 692059541579476
98655460007158098 81543689239944075
518486264807681582 66963239259202991
57728639161769348 17977684131937947
991855501686292882 889741145747030361
465250980797608009 284311087288373915
5591575437543282 5530195228457236
140179173426774413 116910303940044451
233669796913052004 32091864636227554
866414300028345017 698133309990036471
610332805432207214 577766259225853710
864775996287963171 758498682631612134
579513868312377667 74244760400920989
416855265368602114 299855915482459444
895602156710825483 666493693812945259
459209992551124975 287077854494905439
789099007255487891 491992124614862158
155813329527249133 29781081445472590
123147920198745197 21526974544656415
594446583796170006 572475081361485879
766961912013049481 314962402306066482
28510862124656488 9420102307206567
241668306701831517 54065821092656752
938651823482807917 590759003173549266
746663028449861039 36370553567470832
759896662100215447 523419313994325454
911336401302069680 72856887958341280
968655804103358683 170898868056620319
909207229663790856 508115797448660066
28476789157375336 27941050363518238
396030998698510410 152645296209520459
398657068031710493 223150642110351853
124678023682300567 8811437089622928
984800131259219840 425642353259380870
164354901670498102 43003575751633207
418216143137749266 257951189929404831
278128433935345183 23294062929677428
337871085554240363 257313708159179988
262655986610886391 200181890633253820
408936796190323104 281532008684824823
779041959477416104 710172614841940518
399836618984466226 210866847192219803
933513145596876319 426509803647670381
15569434636930159 12303196005223065
998673735937860886 985961349743250074
796060023898213268 623673722444180557
936413212090099824 444579961855832951
414006093391838381 287038764748341652
718977638845204476 180886732190295826
247263649684336248 106508706261053165
690470679694085506 321157974778016613
363881462462830080 36918289009515555
243948493062445587 153534745098081656
551788788854278509 203226642889022951
199684573347924373 105370188579496679
945622680604580940 399559915150480238
25715978294558399 14697153578764651
764663132548008707 252431212207037457
312932119436545165 310060224014906361
46731168085839484 27652841463783356
429561968368767998 337388482588740764
309517399603384340 254311598804489525
551968162912950217 85175659748441428
274944937816489909 67895315678601625
792918699945249994 495668727540858165
497262407405614301 342892933679762772
558921252745903534 292063309806149347
755149737958567428 254755422371766760
905901411544904046 344375009529866061
203099855180962977 174295926170811816
590625744722765575 62658724806138744
891774999893603162 474223126156061768
646079236828666093 360806537165033579
537671245928395892 266730985200765545
100593483074868444 1144127915669751
411567610871461532 332105383850761171
556633755713569327 211583534322749073
59044590635195139 30173984189399492
392666485067374095 145594333896336260
692867021864941672 7377207207605025
433000903559210188 428407652794028584
675410235688434981 218848018023725453
757750523726846535 83087302933728582
453134815595021243 376331045631735647
67503942758621846 9206498881923062
988094779018234107 872572273745077204
16571942026610465 15093917615681349
643102416984418234 502899844787421544
474202820344694418 124602780297680796
474664355130899281 452399995744686649
327589059048433010 258555716940317564
152084072642786485 31773806121074335
920581346653388972 414068427207908306
86985265382065107 27593661103457564
783804195671172800 704709759320315272
371057143531465183 128659833617616769
521223974631474945 466835325409443495
590341358902553954 203100945163176377
927540567405097612 137582565652048838
755646263965941928 487616176553457050
147146264467365252 44234352413885777
47869196352723752 7124233871178391
130506255684323881 57594706776034796
947399805265048586 335668401580586067
470242874064911975 134610133683924149
763453134178496635 445911527074024016
661988624177918811 434409374687807494
561257597194239895 287956369320188982
946874396579185125 827004779333819658
983758591927917995 33502497780990966
343136312740896713 154213915071314253
490907979345830230 192098144206456208
154862734218663181 27328813181296504
149809634685952709 31603489363364744
868498002898652248 471321055599612388
825534585654620286 269323095348489968
256434138957260703 3111781915549827
630316918786021673 491117413155719305
374021404252574911 63024241131838942
625533171207771654 457664903800465994
701606832619171163 9670394714628587
455229127587951123 362016603422199136
159119528721971921 39629346487825109
976366265346781996 653410857128305875
28059986422884072 17689182477923447
21291368047596159 8283486821026879
532306397748823671 419223589746479621
339049701113843348 92860937440512690
242799108968526069 93044557980252873
28580988491379143 9117691610941904
941768093401866435 919396480120535579
509554814758781092 13514697513874164
772275698307725620 417994604483321743
742535190945007520 474313892307156566
789335379823720484 694921214536114455
918273838901051399 148567506225038384
537692604040332971 253608654873590704
514527624467855977 458912790943354088
662819345238511469 294315425645416510
205006339606674815 48981643688310079
825402843295355325 418423292487462502
295910762374564420 267299979502674973
106651665970545428 56673776050123083
935594120649204055 841395583826713424
80170787345449341 14833917615322170
579267523430580066 333087527512611308
998086617546350002 849655621663064160
659220190999749749 575189121818008488
950030635545997349 586017255985135653
110078433803279504 98040982668373819
616703994075237298 63305190323615592
481586172727087498 478303268300615078
939832318887083231 485661095526099618
428257385923223269 355709576767998405
97943570416136085 81224324444254011
934316293112021162 883207501159476011
306952237294332937 170161345452515644
670709519623593507 237963666793146985
373226077031661977 195253254503969258
397619163035503853 158001934287592410
619975240427719426 17171867383041516
383750294070521875 353093171493256600
181711131263980530 21790784859899375
320151306271434723 244934981672607080
417205560133350709 374112714012268469
997365515622808758 981501875574939969
41938215088262876 22431691023534716
876824702442836974 73107674866418972
396899990149150641 145712086989974653
368255741695054832 64496424206005489
275231692171029433 206047496316294107
254917927362862271 231504754828645438
313534688604880414 201245872218307824
581169551396076540 497341423862294909
830897098855365227 439550175956044142
183514783506917486 83149247954218473
22994228728845341 17644808181016426
936217525862034573 61978718228811490
901023637837469268 209412093085963271
381809209593319283 88320835658008805
962994060686526178 792320178640943550
989222813748693740 322794571365046116
133186997969426349 129682450959690832
921050502349747964 454643397053872755
457764024799018098 336728668269619374
552236912965991447 114529815007841536
285557887614845201 56463332185971235
938716911523388842 465392346719386008
144560758757546108 80235524108719710
5268500554229405 5236630522358773
882929033320444889 826048402145172531
481097838488405236 29919698476159250
931933749447600382 388547029352307143
499828586370746158 134285772813315493
348995328564798243 158714395648388074
506688936568928781 161135153839776257
879664343439143236 521269788447636667
709860554847771060 64006276130109274
50780096671165615 34629818955738305
916889489621768519 155056164432190788
648891625317678062 580413892946165440
588090480309557721 287180852130878954
429569869132015654 57601868427201393
710621961030660486 511574982199185111
637690759763828027 121769391673320696
759858033047390684 157315463939111627
134824299213531895 102284626743514114
433782592626908965 287718752516814313
747580144240635834 74025712374865489
717710199166824745 97743515098572920
661541280785420416 14069134914499860
390103490619493665 340738490590811154
733455358446729713 572600051712367216
879109536854979626 114587728625889560
460053597820338763 227015312663948097
717314643320123655 382168738609061782
767550688101035343 754078056955319053
588809503553669848 215463248303941630
233749050898796818 62268575870564473
428094221768183351 76893567102748351
743422688617030428 190967535079668317
507532063939078025 368772281447981438
832614730707974327 758106455587077774
62091685511094243 1624308492787181
812930404391717337 730218219692079289
991768352744067888 231857692105365666
687065573871404204 37935166533332774
568393969602619805 110925694907853630
904281373343362183 4767205479182923
748682180231443204 667003754295824153
594146173384476295 414961129804280608
66390861781904471 46040463487185137
517290300982221583 173114292101851876
974450540079790516 480278964180130618
240643469037741783 109905177320136273
253346145641024316 162150720060859082
998621878263833228 908534735750752073
229930141596334896 16990051323552894
539701528911923102 318263428215867781
243302861548089431 101265149864405491
138716485154632929 104508292925131656
829394440966547666 822747356101822160
792972415702107865 567608325387351703
382423954382387647 7451032239019830
381384701691222056 266932154784955164
655117733627274004 482342323799788025
974705134077853363 229879173713412109
694214258535331497 362648631624492050
637237144939637940 20671787005981904
957089321411335350 591325818506426927
62349647901299969 19193407306249275
669816690276565675 479260699357474682
883448126217254822 693579319825405074
743053057335742614 134276641066304618
459881623920729259 385481029710029236
46151963189174964 20224635963102705
525972394977495774 152054891818406883
399618142592781493 380094461508027623
348783559204593540 243377105546564448
894504084886272219 612317182236864696
291467990454587366 264296564304580777
545118982360435864 327868195903176862
613019403711601867 40236523045637313
6240938754640644 1931853732439489
635120926879814894 183676095427624576
612266504160883922 313607871826500197
448362245946610167 62927911728282852
923848292175789052 505351837584052878
887554665119185344 621948406834670750
611119692322612789 487152354949230372
29935870922898870 1692289612081008
245474728862611657 89750310118643646
636058594646656193 569856159327818837
993685332007919986 979183690362448099
17224697929928923 7012135059936313
645514765121825723 526389567992188266
693700716543208971 83906817610626669
329194601797098524 5221036033300735
595435892149280111 531686718509692328
25285679928562733 1190399395908594
433561847471809614 198805256586035288
315141007459854023 314601800590608591
782137005330417989 263390551549211768
989669883998208154 153246157374092989
663560163571421274 483545371459322698
837514519560271648 600151941554407063
175572139347256854 67218431897015383
87562525457949038 17315291393619213
744506941668504124 569280059342257977
756657411652280702 689328733384063236
267630768565408233 41225290067281132
169897132513479437 38902058661806447
798481510652369010 53764554983761633
153729807479940858 96473284471805656
676282178570369165 530024585188091146
108262263680924558 81398971730276598
538037474527100890 166719818955805261
477454582974917306 378754031192940452
116310668070583470 41314117288579457
614928551371101764 173624683922649795
382738319635372153 337530295521260809
552501658151338664 338980759909401096
98953852426661240 60545764648463008
719650289324689638 130777914264941433
120137852088843785 70264033071219474
81882229579574967 39374594830743856
789079038750712563 622459803517157381
386939749612588623 64480161941576287
758388195469605930 570085282854551379
483975942232695009 429132602629909149
985443333601582763 812085123166138777
796259170207595967 724885098080320684
2221676468539560 711540664498111
205707341636797564 1931776923825366
512276497135616000 161372416847916497
180978722560724260 22176705335590566
942633234894131271 479483953506047376
808161038085782759 17656066373217429
349982889496413886 206318573653858179
871391276660364489 40697268788351911
385322615530295085 357289990331103692
335389388488402406 170303713928388326
258236424928576190 91830882703504362
274831591266149850 197668718583668791
715000464255665856 630672859975613427
927617225922889454 916745397499063405
102326444799634654 94278767606522219
501423401312499416 29390929238615834
443879396455916172 288298249030511143
472922374059397624 49878169725906598
665930109653827702 416854082688599047
225074269898564987 126072798303394873
125098477821661838 26395172580826596
262621449462964839 157719803975543087
737611319646746745 443689801083988185
730503925146552358 346166386925421424
235597854715473807 29525070010961482
867761706925628500 139740694941291327
338272489697157012 289647766532236132
54950944893494981 43928064738458749
874976595499472603 40323247017140316
321494655073346287 251202617199140181
