138363 81259
762442 659286
774738 55619
240971 83024
829215 163150
633614 236950
932294 555035
236197 96229
777403 9244
533461 289376
467650 295637
416782 300184
102261 24019
548385 270580
820424 437598
625920 599036
848272 402966
815006 669552
243306 139924
183677 17817
349764 137232
114132 38020
378054 165805
365624 338748
442462 343125
64306 35978
190509 35957
447656 180026
829673 362503
853537 248769
345623 188802
180068 84995
621597 579737
496221 162991
778769 297516
86136 51753
596451 158807
216317 182687
930562 353082
102773 45336
559993 10888
521249 491439
578078 221249
791570 535171
695944 407032
435586 26728
758237 509084
587739 50226
392308 260270
302463 52870
225927 2855
357651 127101
658696 134248
280291 3270
377864 162431
82958 32414
711768 88588
370488 77200
398400 297012
683126 310975
462142 156940
91138 71408
739336 83772
745395 103813
931211 248831
254223 197859
756829 152899
517549 379601
669851 275362
581696 8380
540845 168015
251191 183584
92876 54861
410809 408564
916409 229033
488613 292827
619593 332056
969837 6613
206666 42557
389095 204631
464102 184711
726269 608866
329065 142818
578770 116790
737019 513151
463401 178411
147723 340
611067 533190
739020 731218
956726 283428
714222 139768
724770 629569
326314 208073
874039 267283
508866 274050
535317 448785
606211 577445
866058 386920
781247 280528
665240 486952
439457 209071
833408 200078
516011 7252
12443 3140
244265 243275
406568 268128
220781 54923
25358 19270
876119 331477
742306 735684
442612 266094
453758 263084
18366 11049
333830 190130
989837 14007
677799 646840
706205 633658
611624 54032
357282 19900
962412 501770
510351 302197
222276 200482
962758 319172
29251 385
474549 460651
837758 10608
582068 227293
630593 151215
819789 639760
467286 406584
625286 548021
358954 312524
488339 463773
645431 358116
20140 9570
585521 351437
283020 193370
772896 359594
128385 15150
616261 545268
878535 76767
866701 750928
799063 211363
944962 434217
271906 12022
750924 402892
806024 520855
898939 35136
607545 188238
918535 512376
105483 26703
479604 381283
596838 559638
301538 92167
294500 240029
301665 214952
879458 561174
74120 70978
534750 205424
46282 21246
127360 45691
407053 304155
666962 248483
359249 299590
649569 458814
259841 8824
718070 530803
55609 27402
766250 569526
953145 835958
481333 455476
480642 35328
177292 99551
861658 218573
170261 123
826465 653256
919281 303108
938791 795390
22496 6480
539374 410287
47982 31606
18783 3560
921082 646857
600182 275182
705667 114118
13695 9113
374973 163879
133358 1827
781160 87512
389805 251480
70126 3301
575468 169334
796918 450900
561290 135548
162905 56924
785650 711752
423942 297395
65682 34137
635882 128184
899000 278975
49225 8321
390151 318993
881991 602968
331613 204706
597539 580777
797020 452031
389494 270665
32411 31542
298225 196502
410965 337290
217490 172170
890143 727185
929256 378233
6484 4029
904517 442249
371650 234373
336259 6034
50860 33308
794651 707910
57870 16467
336271 207577
709774 258334
896452 37922
249874 94954
394240 381218
556755 335624
950091 922124
934094 519920
776065 249077
114862 50952
540895 362246
984297 153096
573218 439713
677704 266349
829084 421472
407474 115664
223688 25674
136491 120069
904133 338616
632311 418007
757245 685366
473804 455783
940725 525045
295232 18247
923103 652399
93352 25025
567816 129861
649668 229994
473439 112270
922827 387710
9659 476
167920 167283
672638 443737
473220 280691
162917 94320
822190 498505
671780 190819
508548 25845
264847 114257
907114 678051
214028 180084
975246 856395
456986 116375
250990 131884
757505 123218
958168 868356
154507 12299
192063 86664
121707 56988
668172 323166
85727 28183
869748 551146
940842 291190
852546 398325
346810 136244
804081 709703
986430 227168
541334 430552
166480 7244
895627 96075
982278 403687
19308 16473
659027 183504
558720 175904
312928 77274
859574 664652
896477 276667
150283 27771
973048 413327
263550 106048
669636 337756
402531 254613
725062 692737
764020 582143
42747 19338
515870 494226
507707 500172
957958 874415
684664 351741
193329 5891
993817 945844
420033 8086
681594 306374
512141 104476
385205 36419
592792 183879
718651 571594
106017 51801
508121 397823
999503 695900
159858 145415
675341 536977
162320 67256
123449 93698
583310 217891
826696 257100
809414 405338
106018 43594
515654 311386
58039 14126
657627 36615
740887 550003
427668 177924
811493 504387
956110 850704
966162 852817
963500 333657
996185 186811
503523 196325
883267 687905
396420 262456
36063 35892
582322 153782
987621 434654
12844 249
264683 102513
379085 210415
791977 454701
465671 251825
522312 266168
537321 176470
490999 263474
964922 203601
485362 112778
71158 55982
523278 337996
291661 136320
27816 17270
271649 27166
820702 263803
195343 113188
96486 61992
775818 262848
688379 577298
457582 453377
66326 25167
709401 348831
351923 125413
867333 461072
281934 213555
395648 224591
304205 50211
301150 128938
355562 113762
934185 834836
458329 98672
803647 605720
782675 159255
35308 29828
111497 63735
235042 79408
994095 404032
67576 22867
242459 125813
533667 282270
611945 582688
797113 668801
412557 184755
403364 301689
499274 309663
871733 527256
769607 175991
9546 2832
465667 337288
438637 5164
144190 92519
746624 693949
68275 40194
24206 3720
771436 695898
187141 38463
647049 405310
38075 6398
137299 48196
494227 69638
699345 21764
418573 61758
46241 45352
549673 246041
522404 44901
360669 287007
586844 51793
312075 196121
823442 163141
720151 73674
381390 330093
440730 251547
377109 375763
978178 931943
221414 116758
314589 186060
217373 44405
556331 511633
472412 95717
741089 506777
167879 33525
764694 36447
309069 271345
132660 19239
791040 54573
630802 110834
197210 49820
577092 279865
288816 130145
558426 213957
238300 46713
786979 340100
265035 175827
770047 494551
769136 444312
637563 296420
616306 110653
657992 171549
853883 762563
71745 21941
955964 335814
375116 82528
786599 610066
364296 346743
815614 32895
57705 44951
266144 198095
414831 81537
670213 274539
202116 183596
544086 6888
126637 74229
144704 132663
30508 9443
722703 330244
231895 152006
96947 96134
921201 515697
468733 381948
807230 186459
656747 256369
949261 828044
12444 7767
30022 23699
421932 152665
15354 14750
942683 521301
692121 607417
554128 360796
936815 525004
618315 450552
21488 16553
575368 85020
414045 318551
904765 894681
615676 374191
466311 326152
436883 362661
336864 75695
221303 39929
680218 84795
419020 248840
190592 7619
422931 395488
561437 444649
40937 34750
40399 20207
889169 846352
101107 44305
513012 19444
741375 173890
889381 555428
72248 20178
668330 301608
367649 230116
35162 21041
286477 193593
110001 99544
283638 52702
45005 12266
736215 51809
457075 451773
337920 213229
917619 696185
381104 134438
777860 395882
240041 14894
506742 90854
849968 783619
609440 519809
996496 640098
442246 333519
92116 64598
868011 137625
123055 33114
26834 25560
628960 540754
42246 15995
355366 272742
192780 68661
823099 614298
715671 205652
121136 115689
877696 848608
922031 805430
440468 239822
104354 27162
970125 440099
184096 175976
568363 67369
31010 21766
505001 361893
757876 120843
737865 562798
818557 149757
911641 878909
423614 374333
699745 537128
793759 573114
102043 95643
220234 55732
540364 350351
101283 6464
420900 416094
3544 1462
723680 371991
288590 97837
668153 124647
409253 103673
200395 122753
851686 721460
234456 222314
690864 194033
662352 172798
873413 390144
555593 69992
621217 421066
257197 190153
526277 211096
9393 230
848243 794958
268186 140123
403556 27539
744994 507080
584335 553476
364439 137846
919091 508846
918920 266775
622516 546729
209856 198150
77851 36417
927787 322140
18951 11882
270850 241836
894092 665302
947905 250364
851401 838631
879107 547552
70869 12232
822287 552489
916290 149700
810792 321680
424347 172694
279972 208878
44870 42939
176262 77861
303983 21440
626772 475219
226416 64478
534508 475253
483605 3847
586860 58283
98144 34198
192836 52910
66316 44878
295109 155023
486820 360074
342494 150073
530480 358358
59301 8604
301238 82673
991939 639281
536486 456540
273446 65765
678628 104580
294083 210014
789460 689323
598481 368036
395093 185440
256605 32382
544321 331967
20333 11510
735968 234945
914676 445346
402605 226984
85378 67211
959193 787413
213400 165023
916998 775253
976233 561694
881854 81152
326137 119711
729198 204131
843290 98791
784978 758856
996346 152434
155100 36734
679921 417606
589444 9030
140827 44244
440074 6455
262254 234769
456842 309659
112874 10138
959194 126422
307024 79868
135466 109918
339996 225704
413527 63383
34528 25269
753611 483742
115337 69918
997469 155508
586526 570296
296588 104203
831158 549571
424183 157772
933730 398364
945703 262266
283678 234212
744059 371592
436854 414274
388064 331280
992614 840436
611179 358002
463869 454603
926271 117163
95659 87695
97645 43440
971539 940803
399864 4409
76936 32323
101860 57125
458479 172531
31704 7792
38795 21599
885826 145982
834028 263948
533557 203498
453899 304928
144015 91025
832647 288442
571171 164568
337748 306277
6126 5083
9523 1669
154171 96785
498825 338142
323298 238701
763841 59573
110611 47385
778671 655302
288092 92801
113898 58811
24481 14224
979594 84956
957535 647045
273406 15932
59328 15188
995761 438483
946281 883700
221544 137344
126677 123011
567824 183480
485042 81917
394178 77083
92105 20501
535546 324928
422856 193122
14147 7169
531983 245781
241874 180504
560989 379723
582203 231950
680081 311426
576324 141214
500363 154291
102427 20477
724681 342946
860186 480120
143262 60583
825517 334938
74989 35807
663102 492657
242849 50255
125651 96535
672356 572127
740140 508413
148203 84074
502117 156419
910556 448248
671142 489310
854695 786209
687723 177604
176156 74896
484119 200609
112942 8767
503676 44
477442 88406
620083 96776
59592 49398
467368 227516
477541 36789
132039 15391
420031 239586
60118 16102
67506 49091
357586 155643
31387 24372
484602 64549
70068 1128
387504 218089
360852 210976
977247 559374
608535 274404
798867 40672
893502 259520
155820 6454
459570 427262
782364 388049
7223 6697
376506 369954
915611 298088
300872 188379
360556 115096
667638 161295
700367 279478
376358 248701
85224 80885
266261 64272
544061 179332
136204 28643
606689 597244
561204 199828
939377 743350
291459 279839
356730 246619
815573 568678
993022 236547
323235 9946
846188 589227
714419 655254
405065 49113
538936 88984
223781 163471
280164 178630
995432 52640
977921 506554
430836 293841
725997 594892
991721 352274
983683 107006
569768 59108
846083 549310
951990 578471
902256 586122
883537 789750
404295 252629
719830 405955
596497 185967
867039 788055
430055 226296
273379 191230
916235 357775
212891 198209
20721 15786
692775 619658
15825 618
798066 483810
490229 67372
647367 478910
163637 75208
109097 21332
329990 14085
929119 248582
979620 772312
145813 44872
2441 131
899330 686014
831338 649889
612911 123097
885400 850761
955620 952270
283196 52459
37129 3838
207385 199663
999621 992187
526152 41845
96416 37713
602683 264185
503316 372027
703153 205273
3054 1663
350752 147629
213455 206108
360678 101864
293275 7391
500974 384373
579502 379807
952067 831950
274627 174050
867529 124500
489632 158872
306647 141518
434362 426458
612176 521264
633413 508805
181826 161802
532549 239832
800833 616314
530908 130764
791831 749103
270229 221605
932971 279396
715961 524516
541835 335138
304554 177668
449647 406437
377217 132022
40260 9908
20670 14793
279311 75862
774981 79244
739151 336170
951134 925973
27440 10920
250950 20741
861124 115123
642263 485253
326795 211482
285494 23242
763320 416947
861474 541504
343924 314959
149500 98277
701912 447597
992532 92016
384188 293117
353775 48866
812213 191801
980646 668685
15082 2052
917411 105576
699530 313577
54554 50793
641830 355230
19716 14889
227991 63136
616052 355444
148067 104567
696525 185684
792209 440144
215191 144788
352953 46431
775645 324169
173667 33692
863171 58495
633688 473740
185441 11473
200999 110381
269233 79083
763413 172952
651217 303060
510717 368483
858252 42315
280662 52123
302041 191551
280022 231157
489284 187084
125572 56823
297604 198681
272778 91807
91109 18421
317248 247727
423988 374644
829586 334088
749982 294687
101631 11607
309288 305958
389981 168741
467427 428836
736887 157507
289020 92267
783909 220464
582015 273140
81044 4773
924409 663870
373817 284064
574170 105803
508988 42294
919263 185738
598071 381341
558077 41094
561267 106941
611250 241618
365203 156407
175708 43722
204875 44434
860118 843118
838646 306708
240044 27279
42724 9445
663534 498222
590702 471737
994574 57267
655432 203165
549297 177326
270285 165007
623920 515058
843123 776364
718051 473878
199457 4790
75308 36084
615314 459526
130904 119953
124760 39826
892581 744576
597525 70376
105774 24580
376362 351796
561864 283275
617760 194664
444767 141943
258044 202144
563666 19417
884058 787829
895710 256697
880422 48621
392376 305966
132804 3734
150649 73045
25039 2192
188409 25518
158341 89194
691312 463860
657636 264632
614010 273415
394439 253282
115965 21971
738110 449187
16101 12162
355449 68347
574856 530453
106635 63916
753781 105177
278652 150934
521423 138155
206700 3799
820441 408700
444211 200686
524503 233886
922229 250293
63113 40572
656731 85277
291129 270240
570521 38518
40788 22096
257701 5902
90797 62262
447918 154621
524527 121336
677230 540553
189962 103304
339480 57647
807185 147509
14201 11096
427631 137525
549226 446788
69622 144
740632 386045
691282 485767
861738 253039
768357 732354
867161 387804
303380 248133
