96893460 15417821
78032071 59017159
553056007 374105613
50645098 39750726
549121831 52031755
981354274 383753797
18995837 6424990
702829779 69904795
696523616 692984153
761805406 693237362
249112465 101511953
51209714 11778025
839609245 318051972
175285381 171126468
12494271 5552212
328715210 91627644
293255295 288635238
118745215 59088004
893300176 824611741
195924794 123201136
963463612 813969275
935465812 901440683
849137415 670566764
634755006 564914738
98106734 21235479
300705479 193816312
80895031 37325598
723086093 390801661
331769644 236685671
834364934 231783634
322183939 135721822
67467983 9484789
985467983 649142946
282450674 242086708
595122589 388276080
795033621 336307335
189747440 23035957
652090728 414093995
256545198 28676676
129517044 109877244
737412822 447970520
122477663 52315243
197035385 195203677
420201942 386751869
166455477 73643552
680034156 596389964
476368600 190925563
514008723 445704770
337571999 79220879
947114292 89599836
86080292 39048135
192373933 187744902
530559060 503551254
588451056 468367809
169875433 121020179
266461447 42494862
215057736 188291937
394623950 255028844
272243398 62173333
155687824 118788141
894252442 182852654
907666306 737342222
564113971 407997261
839570977 173461785
126731002 105187428
209850340 187438606
677191906 307744018
26995718 13271227
19552389 11177173
250622506 25207556
941739026 857915432
584049210 538482268
472430948 426585916
908413614 93540397
400147606 248243380
752712288 338025279
517836416 126099400
646231456 91005288
379822807 239778086
399732443 213250368
338105814 27524320
675153461 197086832
282902913 76672329
655554831 300794925
316847651 160083790
842886936 703079430
320124295 299300388
303192164 31329006
297636942 197033916
796428320 644263813
971309518 377360973
330124835 189820564
530280900 153853483
742646255 28131354
686779373 593476878
155498422 62661432
932391697 199337823
159116824 84652369
73115554 65211035
595655086 214685478
117794214 14932332
930904514 825750956
810344686 42445370
495258761 367939431
230160639 57764728
211380271 63502399
296245186 138891060
294482353 45958024
417827467 230281228
717525467 384394765
961212781 232242583
207868346 186555259
679583301 542999898
297959697 176389035
930169493 577405908
395004197 303092294
378585059 298260041
312181197 53679993
142887741 116354640
18476365 1708056
110651371 62502258
382753839 155183810
188283634 166032691
251887812 142780880
664760962 53781952
654394176 198141697
893646166 819655177
828271094 210594716
597302019 432598747
388852842 276487112
495514871 466540413
873406283 552314527
289248745 205920657
351658073 62053675
292952371 243098396
648785505 341792068
221268244 164494304
149962916 143387365
727731803 121730732
901421232 463808903
910002994 51008912
106900296 65740981
402788385 148252808
199616132 52689071
123223216 26607094
559301078 149425130
161534876 100523355
454506319 93336747
282682816 53940243
526235028 281041133
104392340 59169516
306964102 297900045
644936987 180701029
234154797 139890206
94504091 2283417
524947373 493768903
648782368 215716061
792004919 56681858
807985161 615175514
795597685 592529551
747209453 103375793
14252060 5673648
974068116 881102641
677500069 122987948
826384685 610030336
450447943 11232649
103471949 38957825
784227569 14713270
528685460 423998354
866666548 254041950
697849205 401676803
923749058 771676306
643689316 598525709
150864755 23480944
701693270 320472433
578884993 451235367
10550493 2458847
291755794 193716886
713878960 88812827
830074474 395936443
607867321 498907270
483426176 456423994
72206542 33939246
871243062 102861065
443818411 27472694
528678254 61344526
468214874 285971107
234640986 43498595
228837707 51918679
133718857 67701322
485431695 197372581
869546903 242083278
116903025 38646091
787419376 78189929
60635954 52283270
901534046 349434722
194329769 152518897
737103658 588881780
800354405 783907623
229610871 210369390
432810393 113708621
84873904 70815330
114077129 32713722
10653734 9259126
48132799 25147566
640965850 178851666
642305531 51638231
52486920 38344858
828833276 781990980
423191686 389577427
67368958 6866893
519806764 303904672
24158112 12760203
610831358 543353309
987631297 551399758
711499732 68389335
674099725 84316411
135769896 51851988
16167522 9150653
159921048 118997350
897115689 302109249
710332406 375591807
111899388 11056561
382126680 226419824
896671052 306001575
59200274 51439066
935448125 437111854
113839013 40186691
570389771 218277473
368129877 108716768
898857050 321108122
161682425 118501715
922069925 79706064
580727044 96352484
701355880 507600564
503231705 331642839
258274607 235103995
541354372 409139672
700373984 651344808
378683256 182188951
136055164 72419574
15626132 5261632
593370671 492378734
695191035 418336446
822969392 308188283
852152893 637487060
14149380 7381595
361854133 281794782
295853928 280277489
32018592 27608639
370836266 212367820
374370273 366027270
342174456 290605665
260513703 146237463
210619652 30706515
589189620 159915716
968361990 446806436
670279609 205397337
570359114 252811181
383887801 176808964
643159472 507598244
805998400 267640442
837702845 145215321
7151491 2606329
740155657 481217960
819006140 409610960
254792048 97019508
328636541 235420835
362484456 136999087
384095098 152163587
560528426 26247525
330929971 170126332
205166317 32440927
673523028 74057443
787335561 756724376
344772332 326786312
844565869 157936444
840797106 109240667
789217055 62521252
547976916 244226436
268826158 19067859
84864854 70480584
911756508 434365645
73081236 64247386
461001623 403880754
482878986 80545860
727822572 70628651
797535261 124997559
747098139 164639741
898071782 447647705
522871069 374581342
556730152 166068541
594304280 475984647
259665252 151914662
782144099 715806518
797066393 172203936
378353151 225901305
11973126 657375
410163709 45856071
729290763 347901039
9857507 7843622
923168724 277673622
655256576 485353190
963406988 402003110
237524745 116936570
938369093 17711128
389510818 177769599
656097412 508793731
478890486 473027042
381962418 44329076
254237260 244693961
492827541 352974140
367723909 15814099
317812421 295786875
647291647 551258099
899289197 606707461
200462469 98941858
256141921 222082844
783630547 574961371
920725714 359149206
525033757 15567128
252675277 54730619
362802970 10326435
372003083 207272395
758130597 197003597
147834685 8584387
930441584 753162439
131310101 68678154
152395175 4340848
823101368 486616502
498634634 67141818
43140057 23496008
382341388 27175997
393425491 158701589
203410294 95827788
527076032 43460152
846966400 269604373
780263644 688913939
625684473 459081983
481798378 448107028
438586905 350790666
819913473 627823733
710534525 133275778
824967311 720147179
240401509 149664481
114900330 37852924
424502387 227073409
455491778 87779258
297894610 224053083
734534541 252319299
67827008 62905518
422112078 140694471
448956217 169359103
147704816 23941477
807379361 632113396
794715553 178914920
938367181 304726851
18099420 2193285
917538076 282433659
935703351 574515125
240942582 167552580
357648283 207324635
250764664 199023302
962678995 639513066
865101559 855765268
574666245 352038699
741008593 369941261
901729677 690197792
387822681 128455727
656999845 52686558
382349385 141975240
852434633 504298062
202193660 80561007
629045358 169322761
861792576 669697211
105598412 64171300
202524549 79329242
409490906 205258167
44862075 18168780
89636046 41133482
559644744 380377816
627059219 554544954
742316956 109792188
370264955 20142559
853682024 743612063
549432546 441867330
99916445 17379068
958561975 639549013
979134536 740249204
238868777 80309080
516102269 201170583
827170398 798815368
527547194 148580995
666669404 460557069
966510656 209255313
19107482 2488376
459112274 158499372
847940346 711813561
172099481 31905603
159599496 80755993
208304427 187919056
581777682 348792593
590426533 538482289
687334528 487906958
58540233 19105559
69400533 44094809
178294354 92121351
407848652 273891406
774617478 531677736
123429920 94540180
798001223 221938864
182219228 147458794
899695826 791170318
11997346 508995
53600731 38666015
237155472 202871367
934064343 568408150
415010307 107742561
409135233 151470473
707613128 274395444
452394125 254735811
289459634 250168527
14636781 6085332
576995743 137352686
364143374 112385973
139572501 9232363
98718480 58895742
130302488 48154466
636218113 472540885
295108406 218127045
4008774 2726720
157675807 15919590
384989525 358491054
738075654 348905933
167800264 90844766
154145091 31864138
181073608 154213411
143015126 115282036
156920474 114034650
181885196 107836421
513473171 160581036
306235569 72222714
431725259 327935436
274918678 185292563
901977529 450138680
826222594 427792512
40110573 10599213
832743516 83637913
585904302 398611790
541327756 132435305
851992488 449333815
169372493 22973196
202645040 1306489
507955029 338670309
508655093 128063460
756399959 519969117
414776814 101473671
171357054 76847326
407298792 55375894
15825045 8463543
739418291 396586698
240837055 113503699
819940734 39696206
525523782 233108066
818823552 465411524
512551001 120770917
585448266 315789195
513053347 221260776
889933458 869742329
518547197 51696829
580699560 544406910
569937658 190171107
317954111 20298652
843997287 170329905
64246708 35219276
353568937 82882104
55973532 50562933
584875303 541413486
688832858 455213966
81592474 81294012
909206017 142535550
268950777 66337063
233200977 49264539
509951864 184056379
851863953 768636829
342321090 316786761
844687342 653910954
108283764 107795900
447141621 288791222
507115578 245094837
956668674 16561728
604888909 242872847
107187754 81403482
881071564 217687510
409211742 381791008
211623081 3424662
67267257 57221728
738389558 488117558
703161190 220198566
737720244 140785410
550682560 462678582
362944353 191958953
145892586 9807672
468514852 178640121
29860385 18091096
52824073 25815184
770725398 510507041
725537344 107881038
16641455 2984952
122099105 57339943
457571613 125255599
514144403 110996290
934535806 497640905
375574899 141850278
927350732 66637765
676687622 465676349
890809613 704851036
232494149 94690900
230865499 29332233
232505150 82545285
192215587 86555845
175665234 76819916
446346840 351752171
698630241 138454393
275828056 51484154
554114540 116660313
863974298 53863141
25073102 16439213
486288182 352247848
282906719 24620199
863933322 182647299
966056192 192276814
308169472 280207962
386944942 114719945
520070474 345378838
828523083 510495445
967149069 245398999
654916426 135541452
267759437 207325190
555921742 38736613
19475331 11897351
653432463 25168676
274672876 35566196
202427692 104962067
360080533 29623522
193187058 142098812
92388501 81443291
157616843 156370034
118690981 22140595
4899479 2234238
682498505 200788011
338296258 140726737
785264440 712264725
610177379 305935656
148021817 38331651
901191953 719959191
756338952 483099981
98539674 17497373
822261906 792680861
734295643 37083779
143310833 69811607
659988276 395770852
120294271 104291120
817083291 196168670
630056925 55451900
962775407 829943914
276763159 122186827
233529555 160795906
907042451 410984340
435850494 382376463
597571922 342177141
663712701 458639493
976916517 17815710
842655732 705589222
753429449 59485778
260688901 34481456
257510303 203773854
877592327 264393430
120269931 51396815
192746656 45592330
370123198 226598149
909625993 446417852
447007596 301661321
570740909 207355863
887522525 822087507
472148435 148051560
427997981 400408943
987994430 524216484
277602351 200903557
936446812 208928028
590373860 586732147
637599888 491499445
670574851 321119228
892256655 378451732
542355096 422312833
513904519 335963590
659941131 580247942
415302117 107220781
67790563 33757981
852970649 106925676
475159046 454002570
913311030 344511567
345950113 94853177
72364100 53491850
481224124 281540506
108769626 11085236
807644583 190362893
921719195 344712588
473883228 322518632
296708181 73581243
972174794 810496424
49017054 42476890
912998792 468363484
798426559 136940700
990549794 85345251
633729002 233245561
735664513 310262688
188423261 93697779
287644246 89436863
105850866 46561
131182390 51983642
497140421 453172176
71955080 6717329
722684617 482932728
784205186 484132636
652700867 591921870
564462063 56596237
428104366 288620593
215709979 77051418
74320541 59794446
580647670 98625884
947768732 36808317
806888126 494163127
861104316 21754879
563647866 331123699
876190939 147004365
47205285 44038289
945098231 190325211
42971182 9883836
415843590 262174710
507826912 25416856
59102798 5222562
387317192 192386914
830601191 297148267
864342127 659101638
140843475 18670015
804956835 681530083
286368697 3785297
564799557 239381860
660817637 649445700
354416010 58179791
128991355 97419198
738861185 657005392
368195381 129555396
261277234 44370328
988683789 615512817
954728528 299143654
247646782 218770623
493011506 404999589
703704577 300541296
211953066 75160812
942437266 535987226
492170640 286594619
48058636 1475977
948631291 202909374
834420124 700761146
851939744 32253603
432060500 257482679
765317769 283671641
877293612 876289925
371398441 52721695
74378134 64598302
385512911 145335217
151209478 110013046
822864976 25838394
633403227 607085060
128331706 116127422
492083320 351956253
662755952 246545830
741297217 158655005
277526155 264141915
455112625 280107030
695716414 135273169
473330811 106404283
293303670 3769320
337529649 110981239
864577518 365713064
727666409 389203466
322352260 226057418
559697763 509834041
176905526 35429309
866202702 687080381
71362953 25397654
772117958 528788168
490274313 133410127
655563424 381645992
137631472 66137690
995360776 700814724
141785904 81138854
12535234 1699292
515337295 459491308
529567034 276409462
742596609 33710564
463658690 117128699
8196357 7463289
107776731 55437544
274242405 253483497
638613670 123720257
793119857 272870402
693298344 354087164
669809856 656128600
591774288 531704743
42051323 23337893
122108777 67974794
836534071 11142924
283673797 76634111
109614655 18929497
441808647 76242476
637309861 27167392
452635003 100187229
989416116 30035437
490055814 408324401
979797475 318513031
746498772 259509244
8605358 6504288
775448732 437763588
458509132 58017482
184309501 165654574
133055965 118118763
347159508 28959502
575282120 315599017
552568587 217810101
488705103 400690980
225319760 201288628
930441502 286886047
457459639 146152330
164468252 95035076
414310098 107612238
708310722 5578412
554836666 283019423
496980675 291702285
153230244 41895326
993665905 16381188
224473030 220356651
238481098 69459597
474292400 456625227
810207524 29076701
734800061 426497407
837523680 739593497
302546275 267026850
395444323 248893367
681889657 163832338
236400011 223990557
721396461 370905129
89072154 15836294
764290182 323687105
123390945 117739379
71044282 56648910
468736372 387580620
334107247 295019689
484096423 113972764
809089093 34416835
19881660 8009001
885192831 429763318
283692895 38105437
611592791 53151040
1995359 1325089
639089402 548637610
427480719 157386455
486431466 162930675
666274443 37106188
582053650 524900368
46244682 31005114
763127045 561467839
461333007 147325606
392272083 205375346
608001960 530921398
639813820 41760990
421379749 272560387
622890822 530264409
834782048 529684387
707457905 221121579
920835269 278475771
306555587 100907286
759757700 712268078
196769127 1033274
307592359 54678752
863274282 92168018
929972162 643502639
339855233 1201813
116317115 63311916
941040354 129333032
201538030 103092448
79984071 79251560
634663650 576399899
185203630 5032212
577542238 117206489
17757620 436031
140658454 60219805
372740384 36588093
560478297 523029102
618075478 360803205
915421357 848495706
767042192 96911697
264294900 69805878
8959985 8530912
476266001 468387564
779472026 615485219
374488690 308694154
821191109 681784210
248163373 241215367
963467668 369462931
890394371 505124605
741312305 98349221
887735891 669432455
941415378 465102228
863573296 688750950
115363167 23805834
976284601 734467054
175918661 113977432
348251818 147106816
408029502 196791480
784114302 19388824
533632253 110396221
508587459 162245747
317377193 275630016
655323828 509174118
588972025 196618860
724590409 31303347
368217508 240450716
941886299 502478116
559118780 168540332
927514017 914823331
679071338 435770938
462583492 458095665
654561464 393434672
707666312 361165818
347369767 188693519
823557977 98407837
299539930 240961512
404192523 16390452
540623664 298713194
189700627 23265072
169702027 61134367
922004979 575095973
572502509 132167686
336377961 29518713
547036646 379244452
2201828 833418
968773552 35875638
589019867 982958
808635240 628887322
463100473 269834220
325019074 220515707
886149452 478821788
319189369 181842634
954855316 708361715
113147805 57616355
861629394 36041400
941084630 673893856
578300504 509132910
715524314 627808370
671064927 562434321
594671957 238546695
653737192 116408926
851723039 475591572
687684678 616323972
595872209 567155033
163876936 59349746
25136016 25081464
572059798 113856894
679726818 649880692
279622214 129131546
168266865 83656651
140534976 48306854
890844801 818937203
500592630 378952323
853054594 196789812
846904742 59519913
983188239 889938362
424204754 374181871
522687389 519649627
729230249 381454877
849561236 367573954
611998329 228553936
517344822 74569759
577624561 132113273
517038086 58345540
917455741 326610253
675744779 20392234
209092338 168479598
950195990 57491565
496220698 172326705
802105122 706652360
960750297 681423944
893139604 754499185
249281488 88640364
17309966 10446473
599360115 83133975
65841994 54916973
599891899 294092631
244728964 126479822
532945182 515934889
763275269 232753856
158747084 111142882
242833530 29426225
199029673 105012877
826300365 470996951
407926267 198375399
714256216 282031972
654961285 499051017
215812093 73313420
813871710 75211217
320981294 22579779
387193642 338770761
241980432 57007061
538700745 471886298
2312319 603445
250089501 155834331
861401409 96145873
371416458 203277926
771703993 748768920
988043926 173429506
226340899 154788626
407964869 355501331
849187713 256202188
849619504 313065961
914559332 447018454
416022971 178183992
30202633 23409796
511627216 241899534
869662671 247945095
270622814 53299509
19107738 17578664
156428075 142991256
61555383 19630993
141528855 130006699
276438056 105270502
460576098 241121703
445712105 79679330
613241637 209008665
525782108 420007564
346120394 48215948
346659427 31470495
2174668 102088
291048667 210998813
464866273 427027483
789588000 714059047
175149920 135297517
950531724 759240610
496301478 99650801
140150351 82937510
681892717 51874957
241932134 41780472
674298281 9199991
596473993 390559540
604088779 210400496
76032326 46456804
286346301 63858213
26107852 25019112
163929039 86239428
654327261 301542502
1827197 658353
32663746 13589072
694713854 76459470
953913511 165753067
659772787 630907297
605359760 191052384
871368039 831412455
512435664 214858962
614463083 490299691
860639021 47160053
784103947 742961586
510694112 8663431
846181870 438154899
57344612 47662289
591198272 192065182
562060058 69475980
918257145 822936540
280001623 222523482
436832318 197336162
882233762 302062999
462815670 429074311
244919444 169350644
875129715 109509469
529240831 119940774
668688308 272375609
82649047 63159908
245012569 224936858
932731583 210122198
67960011 43312250
37425248 9570018
707545063 59336465
703534324 372932535
329871711 268279358
406646262 358180824
17102225 2439495
426505342 102490040
978580300 899644959
336115299 91879549
