166046440908499953532343 69996262320446372690463
927889351494853551285770 33189573383415195057337
929383342050306588267589 440282066554525435454746
652319787189785058107442 632186782041666475504310
169507947728706622469974 27207437427458904579940
327532359570067888790514 991837289627818793338
715995458255494956003167 49311995784772407284381
404701947907259652052174 336748132309201661330107
37363757537953788428918 15340748086808994303237
578909816519092928885449 575300071719472495475625
772845207645520296473406 308155075426155584387506
482591821399574378662176 116291008354734865265314
938960665955448730279964 684457037187227691104307
880154570457902356034540 613804303645585146964268
107401804463154163180209 89841606015220830575231
716374541195981628441856 386454005128990581837463
684605900389769901578488 475185644182478335219887
303094362225032426181609 266292053544660417571345
602751407674651166731354 595649760227765052517030
382092433119648815278649 287743736303004099575894
694519188738911208035007 616227554412116763091032
61878213706510664094792 39345055908998267375571
419616207080805348553152 54647594386856969871249
85274837556931856701934 70193236136549252972895
281406634974666519170568 67071116395527376528326
647294310387646084491256 69739363932806748272393
553820011085002079115801 190899734539909144590522
567275042876605772873306 122134031465277615990395
922904530050011640740872 250706971215061943259582
126971592498886856484806 34939870506602781495883
526512491821194999441529 243212696628584729000589
157990068522917882020494 99463144399439312604580
698803192666532851038236 43774854753370979547563
663768910641291739546028 505133279629677002372107
796789385149896368288695 168379551016987824557448
676459613985592300477143 568664403047204262569267
821536410058203058881117 80659781606798952972066
332196081116507936312406 92448106341572680942149
704948861133819920906710 68461537380226819117040
278883984251657947931557 142449597342776186147369
109794506480887298513932 76307825713463898759273
128213596250784153377459 71600374105254597294260
842788304140622173706384 641362502907566427457762
320028436645232607029357 310090476984402245502873
255083242095276889264698 26305331861810148562995
429365833724451019238705 367702741819954240363168
258798835202871086285390 245233073353272840418560
350088096132556745549384 322646320529680637728530
587686747812214778071742 395966991953332039051033
130972561353588703345274 36515826580606803795048
64969415264731622571231 7906170076809235236823
36430914284580789335917 21826955944306269127276
480929820519621507195197 38853553858965569170575
148807648278990751571303 135734783953731616012358
711864603093959554777996 612198275868256079455775
91838716311807247176024 1337465391650198897556
281144422334252642713958 19249040996597558838129
363771155500048674124851 246009685786859410352962
176564058037464420465917 103856341630045907766323
833244782736697911627457 398817626210176359830700
489531924770168866970457 62327188417840033553490
537134037341284850859536 265748254176029356607215
682810434908270134526732 609700114372924039509599
991593748793290052083482 678185479727526961324561
152829933104619060384332 43409880190967598311170
122976343887763093153258 111676366711136177527375
295726013742537658085323 234546413062679697162796
948408175167369966136487 161761494241091095765158
315909049437433404847244 217782559334352514351259
334538015430201416968898 299605863875244308024556
686166634473685222417343 513616409532120665750957
468029546048379117123037 408700027290521764626183
947259564631928864927791 726834564291135399352340
78009191555392622119306 50700976576601133420864
699994509924207711505413 65444563663559836084159
836386212728486595413069 83856344915819760168147
30527207475059265378482 7929314719893802885082
18092281665945026285429 16915070441152283966904
584132543659167783196446 289861946799168373992921
853624903507541612152968 615691825164469858554773
573240175348959341234719 457364713399613496856187
9955233163282051391905 7390717514722717148518
361813454532371333425569 340075919878303378269853
58602399360496810027487 35233739522364750709659
608066580758886302626273 213789439525905405927783
279317372721415856870871 275244906204319093449743
465227903348311291711152 51150930983800934800558
922684983671543043640989 619394288074333137225187
293061429812945524228122 75304589452137059269858
503253842643003042442742 447327047012684365175570
204387333845466053290234 185109587324409510098433
306384220309371586375778 79782686008304838929701
315343653462688615072036 251307954500849064476086
649458716483569590500608 500964323049918832240840
750871270342381180206618 113334658817345704122070
830820275394653048996576 343282654583880549746394
46530458046310857332590 24548966815671296089548
997639028062289314466527 633242790815117680496912
14686435518795592055344 4529871071056426036344
688494013818901550819494 366092469246661404676732
66292732175240152441933 34524428880580649257843
639826668096347934905891 352075756865995654419577
52928816598950548086988 20884175116980279411600
186192571289973650667640 1617150361111242884899
657278016230886656630130 48313731969162642587877
186230147760646712006170 164598557674729618300270
964502105177446532203335 185196231098708672640170
270190750546742223711987 176421006541418998713909
217838364705412420281849 173829188375936940150662
623109701080243353824184 303333594363380527183469
901627897037210411120041 434808611896437710618467
783142735147760713915245 192447942244863435855747
293796001217232705293169 280317201364774598439131
467652079980315497543063 421150249454485148415712
572397029927580480443256 266255137686944787137221
603447853193870397045103 418043099108292773898835
874254581674917891811872 11600107034811985247076
534834966529980025603055 148572646948915928240356
119185427390809042404370 69115153201714906838103
889855313481251386265862 200472044479688262331624
747229661449338619394663 673309816104685820289434
658741368704775453311284 563423385894667602640006
923156010124891150865043 80895847193757505096261
574002489965269980777542 569900595247835501274941
936966751891563403009841 828922952934413149202326
722590195246468521336729 437194998888578422850464
556867972450620135459367 248380689259011119306575
55369224199072807521234 13007321665613077639342
637686389280330491004301 564366977612107125761621
798226803089806181347905 75245926015762018090192
974324604247781389600217 52400722825995701614777
717928220856977158262076 196455364433041418765571
246106669129131317437947 51617220026704203508222
712800986267768688013201 668499948654916464461316
21413534094505313212160 21270562039159468583143
997935812434081218060384 266575268432389695306812
290209862878948058637017 281446798716951674866779
875844534547298234295722 102135987210116696612065
72570249465616867727442 38772674979871278782938
444626750996878839365398 298308176421350198135474
626282571298432422906044 28890845022173696326030
417609420418765950220008 142469184378395675212157
445091952563927569421299 104236454996301072148906
387643834293717732740864 277430334142035447186584
617260670392319621291882 438627564227369199705355
567398557736700590017517 162374648028183605624310
486285148483701430432256 86585029948355926346232
72595086788775289740752 47257517942091690676659
547411912302694780260209 375671647279335606566142
915811924024647905328742 562893242002147010681579
931311216167393834892267 871976012388581479083611
725346493750200036488086 485999187588729487707329
411525358336033497735778 343999283732007945838969
455258563940711928858352 216396307225731807540210
743329374532710319424575 598493118638780476166022
194786813200711469504867 101963681770896765123817
467100556011949638481670 87956693658195377722105
383013395362530468004739 214877417573584068629110
364191086864287657979076 83530798726809156869028
501441779556281336838913 80863548389765448702924
326143512520803925542064 309141538169450906085628
841430713717757703497213 826315396318605121212910
365612187133101848153343 260773380268063742888004
327000050926577499664412 36255417777332607756788
452680408109267150049674 352623782046166973258833
239002742272761373629484 212452326447008491017354
727504024583398160560319 389164919883584689998800
292023337708711749136032 117139647567870102452035
677319956803906976536822 218301176500448438923276
370066178630551979658336 237182090805216266624532
135199227039166255539410 130458302017024390608763
602420342274760958998385 341085917844079417590549
266719399365676545107001 240213280469157996053412
635310666174048422568901 433779572391009802196288
18596393292205364946065 16124984617385029245035
297050755680056502231761 13299080844744168851724
142645084452567912746396 93366129506818322487106
878594791944350530312786 264596084568135671030674
60324710534019492451845 29796198320417259605824
627891733465454542446617 330274174805864750942252
521576151095001170338966 255681869545001406201771
749588806565453757122552 664033114032117058007947
681214237275209711977338 139231865287063208354955
114812584135475383206380 58077893835896070384173
882279623486732004877168 756466681592546695977946
176737581332588104099756 159426061031796080015980
397500045626099642877168 81485843759909758334717
787664715970050858299963 374680054359550909891853
988266244048490517314186 725022335143704751977696
555243075089489884441884 191563739644076690112948
4418392568504748462241 3942629387811487450542
696334647180700200006943 587742532207987871836773
527680070144776630071339 156549578496165052898181
776106498276487319274165 374481633751327579672002
726825768373294007360811 500750862097704439075250
762948830841991476853888 213692141337838286717646
717589841221884898867621 380328582013645277880650
884822184188855277317731 778516772054134591005294
816659781947150401221999 727068404807775266175776
488641573079086396904826 427203289047710702165003
734094326221490319299192 713959948739140824105620
534774298704041583689912 400401468717149423228955
523458949933009548138598 21101202046705605209844
857880846632318238541700 734009470453134804076542
911644115141350878234777 815824431007360847681809
595743586398888763944603 432548206080135300385679
224181365859901504904588 41443849580888321401788
96288752168521134013259 44789836067392516371122
263202212884438909057521 28800338515073660451742
582359528969436244236550 409981790927967586598366
144879928099373931776340 76372234487055736153106
18642402559966883649538 13950099728271542824802
878620039988343026611173 720476540511883308365378
227225267690101816781857 154839722820963579449253
651773799234976839272330 577030816741913512464851
35312522147495466563522 3192449648326102994681
896540714744044385870411 152037868130898809504619
938913245938995459768771 779106498232754504137289
70407272283458687864471 14121139430087715472001
712591797174367790718854 656914250548606214089350
509382478083416498712514 219575215498736527921128
774827162368642269233949 462063172735275888195920
690092543633818053550742 477332387231658725139581
839005230090918284344656 491215762918229601020078
609431763811404351978854 402231767611172889589443
526341428624927304183796 262406771365182238745488
438645529350333937958702 339088752665313857280025
678677186340981579239438 255926193150995016689507
131696321587325051534649 72991294598134973118395
795434737970494841716181 543881699993257562573487
654397852946515995561150 598230221374148001644020
298563810730121401090649 132835958133972832346938
222054244589317468655141 142376741538270075143727
537047729933625386180456 232688558379780061423115
447253487295483216225977 277879256543184760622671
548938853197891949087819 205719261106561328589242
388750396410949128510150 201975616716888006778584
502071211510474831658842 273917268524932204730215
256973520138159197605427 76031208353263134339106
818200767855869308354346 559443026836732691086054
718347673394050620897849 282068490898301988869318
639649494052555941894447 160694095095503514548563
39166208962947959469878 7704575973808537318086
287749450492734017750483 128416160520567204553301
703783919564019518277438 159360516865269930706917
642169404994610361820047 204099859497487654449215
168673582446005853546973 23842415062297077233089
842170652345366674931231 75755450563970327377488
735821046544846563355707 237355033485903172575899
846109039821902100010855 579449100800329975745571
524119608002121753065682 281608141113284017013558
66048650696530628193870 24467371355931047837037
172867178496989344332210 117077299099739779338096
408047490779967901264354 56508527137810254048490
611333959103865074829001 130249018710299108199476
355824205492902062613989 3629606975441930925766
100585217720738504210109 87261585612113970034654
622898685275288320465083 500556938150325002454792
678429032210638739795097 580747817683631553744021
599596135194817260184097 491838002789432325593206
617174941449403529126500 268905030612674165772484
944742358279833076971721 44711051615295880984178
687592531713004368715858 185025680848138231865574
48576533405253902495931 21682493891657243175756
986230118603648087655064 99154439833209617606930
759878503465971901960606 552034735551606772348862
462628380262851973042986 422848571926688706990319
95185051973688251799420 90535679867748024079743
78406907499032457009872 16839550177424860526734
377147654731870771722943 131536580229095300122671
180424951683419266335583 38010059307165640105728
47819922308579733853171 1193647742550952045752
840674458555505330870117 494985372639656451399836
165958331423207871813359 104716403057023578833453
625791156266419669826696 172429459803159751754643
421110831443235193085553 73080856746554344597256
709117853890671643077222 544278656377822776738547
57721873128244033008399 44688931318840753828780
120050817102879963731155 42489256904783148391112
145985723752162668682066 6968735139263075712143
725263554361597097951105 84751704834065444845053
886872571210939573568310 624301239010459488772614
965076407122489679351804 822171446461363139316609
314820692421756353297206 227798378314735144401083
807828516844055827564830 250437889136936049204782
268658136288513626626248 23143758425727650348874
470664822330325351085978 405790369351643729848161
150934319024171201167960 39362746352099385856944
239553159726930167804016 162887326506894994264900
626733495721103950493720 283427542643974811403615
731036945230883865707743 192227928562643743177345
591623660562218027193891 517683699881067618377321
692802777307195195947521 169614278830749664051038
524351357829676218215032 41679102550162245576852
50648115843564102622484 45948616623322956721380
736679216817868500271009 492646131358608059481629
369137621002467161341985 126496585671113292049602
479400457248296796150734 363984750645017603380066
989153665172390071710831 29940139123432277640288
757873555932899555916515 564791688684332436143817
208529392342325261693119 79211001880385329782272
147676646336489193326364 144960493193670362659372
694927912033813492581806 543088467997508585634553
200754655646746089045514 99839868812379121883717
243534594346350550064479 88086730302916081997689
357697025255032487867786 182522409879322087480505
579641910864362397491695 238334999230060975429326
817288979271792059230243 221888826731942871517906
289288549812603594956367 197959680144373483994430
787434350435642867465540 576116095005366188040717
750173183119570347679360 278179958308668114299149
430293778582544130816865 6921521907705671435249
683568605153246295167941 227204142979767515167049
372468284922562419578470 20322920139993139321532
101994125958699587558663 66979072317651613344165
579630903158127373596048 345448988826956261944706
909320316769426020873123 740187232405007784981385
842236513233657416214247 545207932925909552701595
457178726251716023842513 140797274484758485896869
318756502804418203512331 216477579998799555359785
53520620402898791697270 2577641001466694732998
655066456215356761742401 251650167714175460843632
85456117518695858651006 637395839705443948356
417133220234227352084571 114931305562250654186805
847964016399299892487004 360715795297555597517094
544427897047748173960355 373103737285443042062773
35640298131637413644518 32266104628292638613730
68767679981445229864480 63173107899835123360415
785864549217553319468234 210659975401051342241134
421510590808253131379029 225146549265551615591145
620173566580230393171336 261952584911718973171170
241629151109838575417885 159453928602681432016536
83493089604961264409668 47011401328589253904666
588958871809298595423621 481138156529313622875448
97330341166438716220681 2580271040916772882023
892012043233039433595918 847655749496725066934083
569435564591562985738687 224824630792033260226206
885925265233207947738773 320932101003103270639522
462656896727250999981536 324667197245344878479265
877396831961332398546477 343252683290989687525120
151757271645181944177921 119430647747686129209312
980747681625002458100132 327930722823212455234164
31888831144518125652738 624615568042120262485
546350970161379361477271 218365871439202732324692
655071684001408646949835 227505559195664957860873
215448905389068719765336 81500340602789908244974
849770389850845830941693 492315523403377502718477
847065570604759595118486 582095305626519586925451
845467164135811189009738 683677560268539343564003
828151377028988335622175 136561740343420813026523
364583085849194957196732 115206683769189743250542
72165681365085376682020 58976461589452625385440
161320016232792795898820 50227967395497308928840
466404671740570326115769 41936347444507876613334
530616781715135549008041 412022978796630103826950
175194670111952019439077 31053020894026028063769
896532072715461156798730 812141776852377759590210
973845006403344723412573 276055563379529063660618
381413758293763815946051 237147307665986918276482
593113482702664333292048 275700783829282622155943
214703038651861768524773 182963606269601579951326
241466338132499769720585 113889857179908315111102
875614131893923403088134 409092871562334362646050
912640755867501914797964 710631199752308930786923
548304459806710741998890 187119589129387827381974
216806733408975167223023 147350306332853273473322
885464328504516768419803 312095875576264544258440
947422208004157340887204 893104529824912663526947
747553257850603350137994 468179820892762816494555
996206070333315675251747 805476665710115231318083
761715488162168302534442 336400590015845947218673
567956048957595694106867 547983359519620354912787
500741084867869915713047 415135681397751219633725
560978002617163594633143 200550047171534722199506
535702002585594139755285 266978053761845665855717
301556184428032933831717 119456126735707286912648
132792704243570172173644 25576107464972350332246
462940046814805074061156 78298928582106490015121
664257078364139690066679 132919553775474448635486
462920739794086430735518 318958360403749775322092
286603136970504387029695 167385805958688344892646
699237372971668194056154 338889574450293123351687
259214338812278035961980 67329450007545881078649
397448769330781755612300 70426659999215973042949
746666947865613333972724 181538940030841845230042
327684777728113453282580 133348149197477119696051
308098457043062042857605 274226488218617952579728
58354713005969283886577 11050912831858639440679
517567107900666941046628 249246475873270229369737
149183277882394224074853 36690152351333129277416
617944892044095863252513 33570976921801337870280
911808145703828951450230 6396658202423946477441
267109730760086504161611 211815267245452605285010
560876622737365865687242 140726817933686197027689
450434282230475608703815 349640892737434332121424
550052315875827823667134 535684487562189038960139
512448873264439257186494 142574054229506722567790
398630803550055075076029 276629866531638674130340
787191582706444571754717 172867821770994824174996
318410281167742642278756 108795346799829455801352
288001289264985979802767 166828605417704370497286
656154332337502015154703 248482948975161413414264
334121722322002304540942 96603923900532383694391
874405215231560521293389 76546228526751233700416
346506984543671807864699 107093627967097740157544
154258205311265438272842 77333080337024770362534
353336150596391279384966 345493162202922717636801
2536739234814919057760 629286011096391036020
556877308658832750024896 81909521817510313540614
67929537416013181137831 48986484082700059944711
590973993960724080804512 17635130544313416177634
543449891172969118965189 464220768238818330334405
102633107081017202450821 64425754144133698667054
634896105049034242279272 253443407390743143732439
81945465636239395405016 7140436879077679448279
530788013651420187702721 271694962942941529163155
92969410289700085395143 12259089112783456073009
747613643008520373107440 651722456756669163595023
813774133698968689567145 199130137505247046737904
975312947195762062485248 848169018420019459400186
273005796315942630959783 65254156681758223789170
369554606996357850916759 10387303373657836438263
146662174402261392388104 65463869701125824015190
685477908889276107055602 399890099131878664251039
757160073871544311298705 238618738814939867680953
395721597635968051841708 256583516070745824414575
81099536838608387324809 8871687055608356098392
354884543134430159102232 246453668053476706298057
607380982406321921011563 207213928021833198279386
339868551650513635410839 103949444365843176027227
827520084513244951489525 728600682057522199198327
728977313534477593033700 363224691887238261650331
46539794839218658441594 883988368404081157712
901266303932700959904114 372928032676395283387814
244606421935990341380871 212852923167954079017368
808731922897922556229226 448756344458094621308798
264640738423683544124605 122344016348290674995136
807948122476510843782237 737019217456892808561469
576913937186950367319653 122017338767308842967764
592663820735939981284805 555662213270674213783596
52121170197092375879835 24572573203174064871414
51856564306260242571193 42738915461124992933039
894094677915428674634318 322170055686528166922555
865186880473452288346671 71879191135090562213514
760186916935890756510403 424209008892630578377295
650256024663154961311890 534481408985050723138324
324219905227095111602082 241850589498474351807643
772908821672670702499671 533578020471361261178807
421590275594504723511442 8247968877196161768799
561304404937284787241040 441069623916487855322610
354383209700027984448492 117056508429076092360155
195229406460696250031686 5637700287552253664929
485607720659126872791034 56491404730863385663471
127747584942852948595062 93347860752248608387115
984362366617159259586315 794820796783169555855805
900637432367553664156050 540419709496616973489475
258748648579870624707178 168454498832179479301428
618391073219388088578108 485662481300492572714420
179777149519101426800502 44839553855617522762023
993618966754244747429102 311579472285857563371477
865527981061799239732987 4590652083259647575057
895828932638560369651874 660441996750590647700211
256537358868918064975677 96728531096747379316225
490063041273050216725846 414428505620523257740923
281526772926412466036709 70027248759545961353436
98443953509612057942641 36411663789278501883005
790215825176604692808043 619194724736136522396135
782347043517505399104164 277931569965793578380235
434948911660122590328906 84099476101844643161091
879258823954518877398786 460625709425141762666234
966247244032904010985847 745388218893296275315287
734709534648304031082075 666203882289890106837042
810534320816498237925621 312735510827495820269263
825753359343142963180071 782654427117536178872653
9875993043692590782497 2358321554760801453238
280970842276512167945577 278490104180422946984786
533003662233616009007897 198880226064590146596605
304122124900574858612502 87034418511797542927783
629524956469061410318482 577123257891400408340230
919840311857733912023034 143094972824699539085863
397748206952608340643242 68353832635190016357458
718372232856634678932306 77782753338118565285419
59655176143037664315904 31919795250430963270230
81747833972725771712041 52934105882501015358205
1693573953409741529000 415228425297315511192
441345202531774553162068 348745174338312299562388
837633258463687641017789 234440496067569941023799
45920805376964299820283 1063536938061498026959
866642643175573544878369 557358181222693968557418
234996370065587515580171 54733233019952746386785
178622608335682482202065 37337731182467257856420
746377432359648672974590 257421286175606876088329
815429746624253853140101 378514352835694297633934
366686475481357640297744 68081194495338133110840
909466944863149441892252 612243113127482894680361
802369937143799818107911 394474335797459066380745
614856500594582609407671 409262443583635785757566
158149606994904972827381 156039967475143750613772
462784173206238908233942 104660234938165989695735
625453443091743036647705 368746494473377346910911
34772952494447481644980 30211171514341923949142
421347769638067629518039 364547343035888143869711
888940819845448548538357 246945200364259478311054
479086511116266209292738 375402860720484994645324
391372476360593046813253 31311633161877782160367
881972097670541506579705 134541932357317618493417
838580108704625101519929 433824549590457006746891
719500942968467016130839 554985959894496960756292
468343751262041224476569 96663013453185007284778
729272750948026978730977 273657324914604010916357
680490305354574364135056 8695899942030924121500
376999756032350540360259 232845804253478407473323
901870942834891331579298 610740940197430390308563
606127403445612875322722 487332926802149654967060
931513096963772432190663 864119302539248227899223
352447963920397272695684 116321375348796913862720
796867491129550072305769 632097533154133251431568
852977043089721437863082 338350913823654434852127
669720020207920266588554 233871646758315001383818
61565149744968158355608 52572696908650176782266
269471832858094752937350 219094656676306238312290
885588052563468960532274 156747239266952282476902
939742003024482090908375 869006583787308446751531
209882474010658712557535 12258297581274930114035
121650872898472029259836 118072963401430380983673
560256769497808395466587 42627563987271770067446
201484032400354802279050 196976080963327604734467
270798281719675210584808 255014361607148898450153
826433682694843591769639 48548878273623258280021
33804151854434404909573 1305744441697539338349
758422455166258126263864 310601239682782063973335
947057781581619259471030 871431488765924980849338
234362600135593836891493 141364212602685272030134
366410217307089019283884 99906303679480505773203
595256808186606488599955 337263775484468863924947
273513751673914768287609 69728428969292471155501
535602170144970376567246 424368345419677122248160
453228747983122189616485 45542000953619160974864
412947923720041909645351 93767694047496749811043
392612929251929006618691 316492704576083660290608
13148920935356920940014 2288088775117644217126
751805225025226896697480 37816708693918476018010
4022595052642473955339 361045947930496459434
245370235878485279186928 144003257426644507154127
339686510908842338314448 99695989432469857023487
102937536149747147865643 93348035091199928868440
134803015305556023592077 110714499440970197981209
169208487642899958120563 151509600872869372080120
805671243977719246374811 44967796607647179732856
427198684787578798419109 319028194221551985298937
306015910199441013993658 210582594667273111839832
121942910198508319978196 34079131765895491190148
240632960387091219760176 101235759356640542206940
416802508407665975939372 396146400897051831921003
905035005919298746612906 500722596540715944709834
34793693020774711450051 29109820004473002642205
491172305047674283430938 101906336730212018595263
814928110490550275341854 718793032703789454869445
495334013545533056809260 53075059971413820951828
82662885827548384460744 36303653389099725125994
132203997262465525414509 84232032265127702409740
980522563368321433937874 594957921822534279156285
736557371948728072715885 282129315356981718414373
931637731331822194279185 547684839666039019224141
829873867391996169417122 362667010788080042321653
452953894515312873165543 8552905492494086822479
809929835015254729979980 228589054074040067879840
39938318290019731134246 18265255460916722759451
368072609838268112124288 147276473710042981163181
782339098864617729271414 9480711899177576390155
140785943932230059509282 53912666395998385920777
334529511675090414972355 162967785661394942082532
310645208871011607941416 165141739969098163946005
528413708433475663344219 206580853097588299321939
591193071606486743057356 471277248285518772360376
263233861273117149076108 77000810941933544565391
807994630907129463282563 223261059880616792137448
186819136620080082120040 72973784763440750599894
572714789549169606676142 252364686575472730813326
735525228716767496836825 204252020355445512506938
814229099723391530712048 539348094421716247224509
140194745972864295159101 47801661464967281068851
252861757955984651719636 249452029533027491424441
309732583325912497752623 134924337921184201471028
855370359383591535471100 439649381167263139929555
798450452946119080816431 562848570978429663270409
400370251885623626552385 219570253834418565794388
218995731855131142002280 73860874856851816902993
103523288029491718550734 13251553163854036879154
681962280360261227425656 626116746402060603245858
245953727617426014953143 25160192673681882491663
778272098043957701419085 612681032132084077866034
287146548635934795011906 80625746180117328795211
819261614828860351392159 783772188318269471955795
942581584904703259210744 639746457367678739929818
784960996789803927858163 757617283209272214535710
698806541862319395773906 506379641305479369999725
528128362602086717260742 148113891258767214457036
747101784994390782926456 295275889934671669716225
544673851557850128850938 21010323909946276518043
264767735692732159287699 4641154312072723568070
999210578674377350236776 70374494983432107381563
355719810163479242409909 51832576871312085375645
453693069065031245314359 419972819032648799417559
668965923208789456472250 418995269433774808169745
738556151871305866993754 64784395802515993832137
198836903540810465334071 100205411936653145801136
203673635515548977637587 41822282873974797578040
618600720605057986319268 259955056898500627833022
608625394761100902763381 246115937715189339136929
826608203980993574781735 481541611579738290986451
679972596804909752347853 308203752953199781336084
336027436118223458681788 172342407179506556363060
384872090580530973208289 194365461071797303863862
807927326103800272821633 108418942085043485261183
355974649944060098725733 13411619843056073553891
214773501346418052241897 173631065491753987546836
214986477247493968381418 182939503283931986747161
365074705063052473857136 186300773421685512434384
684662683511010165103279 482173203287017223843590
950501066429063127541699 331434630693501029541238
980026613266409420896971 560832798874670789249250
758393685945409377544701 217313656458584370543031
492326877405108552655066 155824532522646062835362
9658601722774648476532 74139650848601196012
572938948778786335894527 364029971518577114060520
975422322863632852857449 510762046958283881001443
514402106452462625070888 94155389577710425114033
535972122288788383832906 231761799056039636919395
500166342879133304513772 26783106371204689824634
718985548426713991211415 358013364256388186413738
538743193913703893674093 388091667694447427155339
250177971455177447445413 127588385470145709634687
112381410304422012243708 71852477325645993225647
880799843043900253705989 18130856778699180863699
274016966059901152677889 59872473045060436916501
828372691548856459031676 438960659773098997614299
830242132970036440796754 684067603291992310055128
575258142320184220731954 535626358882251175084171
954666773695310860888225 281999058952343883245420
779041671130592407589009 563851037326905285516744
298854377200652001930061 26739186997975688918234
200154986769024450654218 184758987833575150091268
100296973226799138188686 63481055395626228600782
48954455262729834845791 6069725204768226264069
991107772437165396320064 410663865370615345245997
2104019752823774629995 1872421894919401480434
3867780177441108259219 2633833422869378603599
816796605875729103957163 298137770432464368882637
46240463401830128711676 41751340838673563243759
605104411445797448316437 14098306210243137287983
963429696820973695007244 324898551213588477334687
686445405779022025022847 24267499643665993367593
446807152194416924994057 54036741937401283782832
309994616962751315453726 230062882767435023754378
283330967794603616239997 63387553933675981259883
658711211156930607712086 8673554383981609136569
453756296911759229295520 157574632581345847916979
842033585903127952890263 807293389950574879277207
166881132438830693904647 59318554645289986977708
348138903365662391207344 3409754549039483272164
236010595673947190435481 164678410989123257428347
963895292477367146388769 120325115957772244577457
953173132124101203990935 337431243185222737610257
261335312209999572305421 219002606654056875711314
132208532312035815650368 64579533652422570790837
856618934204049428090527 655995255854277424685700
977832751723630164106331 500216525969292660307495
900477259092288824400895 548210678367225877567131
141178298507100080821786 138212116150854395623540
304347136009328522035781 209541735582883285590690
905288578892672121332737 599062344357120129470906
649381440298986384460555 80714481620525190458139
94475931027201942707695 74848613158423500837551
98725350185670110876229 54724161282769943076655
150130536759514797859076 113170413850509883199163
842791235066990053867234 334736422846676628103268
106339507351726794559149 26344684371785076213434
902489485326984514004256 787634376263716642794976
109910625393395800874619 21308709725212568789299
851838113544322587761476 402603890209559756196635
8587449031241793441513 366236677511967561246
711927495906213615651868 137152659187944648025255
927281614651493212884901 623472718118149072895712
982626680818788542535789 232594705740177208848731
564093994737775173905202 457614326824364562851758
572814265495890930246780 223544677457158444659728
527204794860957300873552 351546606036004809206077
490225246308130789036826 198852763195215449169990
733847418870206094985411 459210255684461058859074
617017723384007618615064 287246038449379448378059
212835996363105483950956 211360495925027440476981
398451044217201289710735 36754501438923867488040
275057256633171690052187 216397492800291909655989
380047951913565091898877 342492934151278899444824
51085778736371990246046 12059689496518890410812
645285718766281009796615 347209961832256611071862
49539345906188238443074 46210804824772409955888
678423959689181428604863 238286525804589658223843
814033779629770565863921 810280297553584730166901
774196753394089338543938 546032372578323897246610
350412423548881338842788 194005082812465210250654
66930650720652606047016 31369216864733363859156
777225428004907538153107 535318571453639689756808
154446955172608671178974 6883579204394394721654
748976090684723380135056 256803450350466105209106
300431247150744578262477 17998527720446608354014
57639204969576740094201 277121372658702939329
153875812630746374009340 88564872298342667352217
538650469960905587018585 415327441354221673150543
352721384999393291331268 257323567044239932027646
181491989882319793875164 131851345157285825551939
333115102104966793561694 272031416705685776914874
500415296368401322603052 353904980145772400670889
266043530657539938278708 35675376090119266365788
478476229051920466108916 120372806667548007433300
914160394568988945027133 601180931350256326128971
666567081889272185946270 610625537491889581235049
368556692992885468018950 240109640882392531129804
547652824051801394759107 251411297275295621802165
459868089394939199098281 144051392736905324288132
760768359131098885867730 137901675678674132427671
507094401715900458423054 365326061583623445593895
437763628038404976860144 307511546930053384560233
337247556714840496044105 309911197021925858944217
529032247009922558394652 436534359628518590186420
107685357329320105012730 70577970312417335457286
696314172212195834009308 202055602268203757649098
154204603612873389725343 60915736800644547934618
671087493561952840283901 605489377918988557652161
113824327198942507535703 89020579959915052202857
303305323735660646193689 21806692484025886574770
490801461764937801543499 321103974025862631740918
776472462392017988478629 207700706173429416179372
52121176007169964862984 44473828684746183148552
758422209155747191108507 364055962904703386191240
777339488563844178370762 502117450126936560422910
945180144245080570870523 233116157820911524876447
273522289310948042231375 154855121948547534748287
932675588044422515376804 576287726453732315860502
238483204412708266171631 23751791722659492258556
165565410876406047315278 8733968609040248670965
182429136034289073257522 50002766993246968587599
362641520916468256693389 226830475448921057068609
40688981073372499730747 36502676738113603254293
53080781903337053038566 50115275287010517682757
250631074760697325560206 10463941128936644995299
890463075678592488081940 832730536638310857636793
185735436076380296018345 180623279958159761102046
17690354610856864302622 6061417853950454935207
635401171535247385856644 330952399610886678328054
865088043232674844650627 257123122144117283555985
936230699993032284961400 509736400015979396073633
826908238877426782723238 338449305518748316899470
837606140617353085652285 78298150818928400937952
325924981204115010529009 220307380187834924014734
750705891553002452685255 205462448466704258829505
786839406698271049991928 224022205501489943298912
664218687239907714449709 6908656677417212906196
440089714003688813410710 64019143361322152717088
673318434761552721588465 195576412199130025129948
709140967395917585164130 262558111311698192024600
682378444489677372122979 523492274885243754450554
203106052904253652598479 5873025513952440320353
112735956469455027917924 111577639956582457362112
191053314367657256201118 179066745431941693902454
946078408115119781555333 863466963625061919827009
126411310076805454909710 4683598526934795003682
253631791607480337895472 159938173165377058267548
713739170013996958575568 645445700846442632287179
713453486575922025727600 562927900915009185580663
735828401582408028931122 704423689402421867551797
899312581406710290074757 9933006568562390961791
485787006888263536687195 340589627174809487992220
515653152211028591379124 175732781095224709361305
673173008094988040231604 534679744650394445708675
163476684299974190452108 144582315518256800408398
714678357526663298794626 250927235943559387801159
346737329163471746722489 167636794423066068010326
945122156080236972657121 447192346184493641754627
866896956316401871695633 198634762393186180654791
172740295559680892214880 74815950192742734324214
538589225843172650962991 151775976526845204171052
44853949511578576297343 34553253840763341779835
774867805783239989217423 577881422663975275121337
929261422220567423418852 778126455938491985562403
20015298420780734501124 12242747782332410713765
602988590429940533763547 477621169464985818096721
698430409215784289653050 171912739293097229286573
58537591727481701891556 57087188797311663209726
252016666068116853219914 28526118186698110992655
296305363376117517824709 112449650696151355824570
829517742765092921720430 83958758537626407312451
393751508169498018567190 178010163183241564366105
887514200687627695473563 331970263244152272116266
689661283277178269753542 381582440724529017037553
179838594425740090028209 81986879705101919776739
593319823353699591337068 523812671015820483240862
432501780266356089500757 369115257655483817498686
244870181709567198290407 180342923824008390690088
426837908034934954557444 8170014128918353447315
945192298192235339739669 591687493825924870647247
540430623401876035509331 338988844264354294782842
227326447797123093546252 17962664406168132085048
570528779842208064848073 28391443127613396270395
420269901264670840602250 93731056720497345217960
478374556936981705167388 175615929106586047666293
275763926100295640093654 221293936624147369546916
256869189224546075806037 40973852129583144473348
721375019633051294275659 198722759904381856741634
946425259097502673799601 866242609713767339105183
359730177211307030826482 214942411574206025686084
314989117134167718929369 49138360848563797732628
290075050625820525062554 269064258913655077022496
872840382160722827460464 287604000468401635896990
273270693211235160387845 21874334080954343823307
226225738098893441781338 54425553688261568256816
628636425548558268519170 85200943962374624960130
91105484394270192413040 29102519099237342945981
216873636526591548731635 197250282121691698704418
439468271857422816909321 265058099978271451323908
400193576765921558774430 233474660100614514378448
182440485265026189962497 100967469788349153780442
47707340550281957867800 30297171236104868212356
283536486486209231221431 258062504228829649148697
471236481832477230936432 411370480365477828534952
927196530754091623402244 414093709602837411207734
921442357795263356563061 229653580091416365720904
63213831089022924557978 22844307495102317753796
560650756968214655360851 510269979217920429613136
512000108405752052812437 287449069987410150897302
623824299205727757220658 57293973166230519887796
68232023718562393954196 65138878237838498523820
799297008756439683774563 367338369192253886376825
458400932144966757767002 123682854975280981192362
799315588354802642990850 246825120968806029191997
764730646973265193042917 303192544914714048425507
414774437916604089372009 36782618109747041132178
228700613589535479135704 11063849954077467037217
40763179723226965471517 25403549346908010237080
960074317305914853941052 160382631024199074491513
480685056449029708596782 350126842797698990768701
551572751466954278932999 376273833574084917944459
115859154711867840961849 31916694401838186183982
384051233250780632147761 41766953111806725471652
791234843441793659343663 153574385161843021718618
493151813637416457009681 295912269625146480044999
707194248559273444906467 645612335227059196670109
826461567023559285732755 628858804721300590875760
170255021401531702957722 80064019935664857114706
775775591718016499749580 222478192625055398762348
184364113423877790546765 167234700449140593220643
593526821460226410041396 221221763554520106789095
352905344376235331989657 302515376892939547257895
152867984972048418511683 144879043679649897588040
70308596421698137349875 46212815959722395232762
562356181605074185892259 292054329222458242300073
360497797587999252057204 89750057375069768607261
373994898160887898895670 352256666542735279752433
892597585866411770350748 333679166647869958121480
388854543229463312352376 290188995716335303786257
562085981813119998004881 409124991041370716634027
798534909847899499143300 309685173050400803403946
196674949106501763053530 36085567605470388942070
196693799581439065213475 162588285295201640654575
732885602554898875056151 143632949301900167021741
213860657623342016014955 38931195309055740129200
608052060309267334828741 37899534465352386061868
603549541691913575180326 400704265313014506841929
807486799349539605689211 311498989552024643411817
129775392228282039930782 67733769522761316366278
115693126248510210765703 57428757228476042080007
528041123987049187944117 480885225784150333900284
425428492777609629202 146558150813094432585
17548278906651941117010 17308791321048938416567
85265973477063623729157 3602496488161295023702
264679002169762825091189 160134033081392652453551
845458796615699005987106 476524312603182532551972
290674468177737074163395 34309051287751532166442
509098721664227830037410 110615996666410471085917
421059647466604578761532 3092457175981087500407
209784531273381654560576 88468379882693016558846
50264374784343755189321 14612810781837117567377
22060698507657537259897 15385954386870593949325
351311566147938373719420 275686896038421899088340
692042872365956720287204 630833719842663956380189
199044450049168335758843 158110928911645897751454
15640146719745338924738 2941466758164965527482
664915071484719043828427 454549280025952595928391
358976742309149948387436 192728815896812799310653
552730978357154933277262 366023977348608755613779
379689165310420245658925 285444204979050857455952
47970659439954712564658 18024049136812748939867
278077488989251126230185 109084406744428056952006
420368127003412899127604 84629250888902067523393
587399869802818113586837 263093415186561007834410
620773911838390691081521 389146272859025861357072
353493088719739371009313 107324636137447326222301
303721181066009812304304 76083424237409866742951
68838189754965053381857 42276258052131675978338
162750539357467368570380 16709094883245551815684
658676579331523524444085 37589021763554648722551
110160088965647156549229 100851849168771939048441
950524480630253632218057 294447371574887656624281
293713463930996529658655 194293767841665693897573
45608638476723238362545 33334124750872899100019
825635081493462572382458 764740826748856007880694
600099518369379942484257 30141373001963401992405
52878975488488960281544 14843725339015392425421
283482236290985217549366 81080398919958174552506
854282455316467514082136 137661150096224872958171
554150111772850597716235 203070474608439820898517
401270526650708037436218 238844981398132710413833
867432141117686458589386 191718976698594169429092
104247953943494635861178 56861227310269842738725
207814171894731043995047 174775217799920374733261
999583654029411523592035 301917186452270014487553
227676526235765690912857 199324579953279907284718
228425125309037431944532 59503619182219531354050
623616993359688788633838 469031678035155414429518
756940540396471563439560 705588581922144034596260
389753329757235070799002 75522384521213270039255
680240314453630020392489 521385584965557449352753
695065776071546267544422 341785455162704687523791
813100175619383609738971 3622687720235317821367
338131531341564052446473 27442685174945363493762
536633943131183583866310 251176407925917931502824
650512833412773088353467 344968705981415921982504
15964230613955769401211 11227544958784271682075
715799003730854231628055 524987751837358922198097
327073039671549891951611 46606049233654951337836
837566921170432670388838 69228066669820846027088
436994888991495203947090 420673726333137099769119
209802319614384239919164 206834364632983666407291
624656751937327547316654 393314444065622799893547
874132974754243327354438 410878880097291600226875
827629274982448195378782 570098898282632302147917
821126089913117012051785 343680959270947818712495
522355435900466771810435 399818970467445510199599
921312852851286471056165 507494151111130311462817
196227117378489619675824 115848010217890749763668
22507494155154188464766 1235018431004353526217
66496086603724637575816 26148043404523268240869
471219239321222054822921 444624804798189559684311
222533387906843679251198 111356100705038902067116
985951059033616118046198 113818993332114816596464
623318294827583648674106 594328855269346875404546
916890905955428194272491 131449289578878495204227
51115467611244083743485 22708239412582195600675
619448385543626471556405 68624741964856457533917
930411704677671289184200 458167024982437211235333
847397221528814443776195 232721761347204556158308
686105537331433206044003 479687983204303834680365
451199512094286164845594 199791467741337414180010
486012282510453981577854 222578596863520338167930
493915404023990398019471 247246511955826979468667
203451806208765611947077 12389745553403921007742
952117334976982562923750 253588299788656678859914
696815482776116466400212 242960259079929624744975
190762345838228226459019 56908984980910230550218
709352468550776026217215 112309810173803201257681
24661195029757122123771 22853028677004493728675
841279766780987070225477 440418740512148044899281
51046325773831606819293 17155436170239108163194
379765399896324478153602 70780146599163037597297
934866966289652132644974 253403022065502212412751
453104088320577302428302 419975579496134115821243
816047210340173642815874 111699578130506724428306
589124944468946885152662 235325432140679065840998
611580710019048269993882 361404061986821776605368
411146947606157375496929 370986814209138670764874
127722871473529525861039 80892059451520028261972
647179810862233334185144 254418976530998929443066
148402127172784023396475 20060499776870806374894
24249611596944945380171 20142561862233160017020
600872797285991671864764 356273569847719638976184
443527704763218624942721 416738013160138283090743
839605433652135067602270 448308458130466093746949
213536772192371351547353 155968828101758057956589
239638012524071509809910 179707547624304788003642
257096052547771194233816 21488406572726629818649
325102326025181808595463 142680943534031670819200
328768155177260059383031 14410891820533925359832
220652471844765717371054 194418735396541397020819
584164565913890116827437 244893637679360318680651
68661679385778287660816 50928941431287036372872
477106875536064964610128 327837138781220881450828
173751603287344759826922 110078748900560952509653
808358496913064240122606 573827970018772085330988
739486485661315133208560 690679599129405318520823
999724569465808678005096 79095560330075340220795
926697859740880768426145 786353321299004610157814
462619202003750834579245 418371914436225092058535
2419015831596929858285 1714236014624435942349
675429055813607390004240 99829952228749478652302
522955888072436563407453 254692509120800226382982
792016240435664592527421 387587428475298957151744
591447168920428113189691 15909097128244782546759
184333229467986263425932 13783844795619659138403
698734441962140030966285 504436732766421330394936
