537893983743527 317671979975878
974637440347501 250328212480412
685287599171828 195959677578116
389856901255398 98837768296887
344403774147505 238021485171783
217514699889188 107874409657749
186038391841030 131574693164361
35065707688719 15141021434846
849486889481564 769819392846324
607819923929044 336011346032719
911085427064930 296108760347888
143506669920572 123818346344990
384909347821064 383219021148058
524136927298604 196735581733233
98415420248025 29834676216900
55257443716794 48713329268425
427336126051736 146963970131455
958695795946807 876796923608353
698844156613486 259222225258093
490007058239169 211215802161246
329631541472284 41812042831616
700000114957191 473555387439916
537255857489855 377634768755767
860401726562869 140236191465049
208398039785658 14992374851862
505470931196992 303376203255054
827901210128247 627144484137921
584048987079916 407889011052900
296753612005898 196590235607397
628892185232108 112008016803251
594736022203424 379474413424781
644717741011445 585796527313499
98992119464586 2297571426491
355385122501052 295289543008919
20328959902540 17951127181910
685362867217667 497584567435734
728440021206160 427878474704161
380284075230418 336355077193304
284834040131512 79949050008204
161479247602023 61510438656837
763161963232781 89445117750486
602986378805599 175534624060461
172433080706226 133806340346036
940093122837727 404464053747330
858294491005179 646402958663010
53093517412602 10187995499508
60579375331047 31526151825735
841651290749070 752268523601060
155369226886644 74631627129999
969210419032342 273137779721261
396044453921837 357528632425889
653009999531717 584407581469451
736834517542222 239100957744457
913710777726414 886554452478036
627907678768299 429952492302640
337641293579068 235802256200984
934925711827943 124616381367961
576487549731319 27793961404975
742851102660082 383816086065589
922236788045163 528738175960658
129478403737461 123077816349831
818048820958866 169224083500754
622701126284737 502549523782605
225968910009022 170824746059043
593648227428573 70124043387494
157253096482510 73846095935091
132835828408188 47031053754295
153267053459758 94749690440955
327776017281481 302713964644118
142123047061697 126125456099005
537093799043159 107448396367079
707260688732749 520792075314499
470380960811626 390358610647382
214277401922257 201320128843972
440867269794679 251790428483970
290847509502149 157829158776954
549673426659920 494908390275552
634117646591998 368751603882642
630657515377728 151024372850209
52197445380224 43190039449944
88583680476166 6136363073932
359621579093776 84366412125728
114392909063871 63460511034528
818909977418199 712091386967829
819416215192808 510790401933829
223086950314815 72000360856124
462228872513464 299106375986095
569723929916733 457596119503202
309642134668488 58719738064248
707557995507284 47321839251642
130221297991759 307282428135
848771795315659 304796428562150
716518516966918 468065835043342
432518287775707 258996987429723
893933819728902 203829601069988
258465325980930 213250570179588
210370571048048 19228810161047
540186922540418 356456889672489
688982490750583 360425677099344
746358740218931 225403551668888
688909957346520 629163798244372
635037381042137 441316220802800
13119471558085 9745624599155
353632436217183 316524515461948
34068470483440 29050947879179
687927807921297 66726114567441
296964093155573 6279132567343
823583462922916 251138872968558
816421157473218 456685938149577
981327857260515 315259614509315
114302628563260 2434817093133
464223345503972 223849469681056
276521024316915 157337543513124
728723865826595 616688321193900
743502381665876 348258505810424
618900950860119 43657372341549
53652882084561 24408547806069
57506575337596 15547745170021
580225584520436 204912935601494
637244734402729 335528679610246
222120349304072 129001581798718
24950530867762 9847278278054
360929454667470 126075465492184
103107928728768 23989890993883
159459896606879 102691935517706
313043077432970 105849273566285
759947195279322 667845475259790
413174975796230 373723157284368
205823807214962 159319665556006
913658050449811 624683725902471
873174926864586 218144047723180
606164475369788 560008256309576
638160236648032 362555023267980
785863799724732 207013876485856
514566401789493 218218775066761
768765188992061 686830245999187
339933569558779 271403459182699
27716398990449 24476757747570
770653063737547 745202556456596
183813989014887 62470838559793
47661828584091 36069530607052
686542107270400 478814276676718
330494641988261 134658038652725
755593088916644 4735047433724
209774552178593 71681729313034
267858145697638 89462560191126
308792604413242 145690014242130
698297400205125 242728988141662
481556897582338 196245503554271
27207964463064 6708009528240
517381489448497 501756022210041
58902012493059 20289451675817
824745413930359 428992182387598
554315395509765 99287026639513
830159439981786 573921177767221
958537377322343 808931906225120
861459438134991 476237884966844
414496323274242 5732923116511
224986217208001 215153533117926
846770659058802 105269252411875
346363194486187 191140399467921
802212294819613 778931698656596
896526378859739 463938941824721
555686049683434 500612198642151
605916436120063 147588895780634
785157370890318 768960815515688
279945167793312 5774015422950
864783422339304 174243780342812
952121911592266 911711665684616
92268230354922 13752287534616
625014662945050 89640578805040
368146344924078 297835215880452
533837672178652 159401986431731
607504442030632 332941400645077
474954341387256 413740736753136
39906681529395 18918401498787
546665181822298 21746142971016
389809888663801 99419323331879
922519423261983 396597254556108
584331209483741 37795802911570
77300495112196 56793759878401
201864729499062 163310460884859
543588112598528 376532286902048
268212206150739 174158137892978
543788121367216 297434764874192
360075500101772 4704489860545
311759129035915 116174146761477
35314729171027 4167449846580
964097469678278 324154494811039
577273192958267 154844552908033
48783720846553 25969584158642
71528841172599 13187717087708
236335466303104 227311189351220
460206628987858 445406718807766
542994624314008 60127295610381
797669621293650 117344789426539
634159041691352 608298985684714
228333092385755 93662054527589
811670112740995 719062314012330
135833501766730 55012847487034
854020889471077 529155742772740
825006926304698 500334653777229
531139979104718 290670907210463
354488367297234 317442838855520
959682439688979 916020166644691
411090218488779 128079309314345
530974322303414 462240260287896
493685125087959 338426395292325
699015252815263 154891596580628
565505063952606 342412090769313
970124519262162 262777667971124
774710514928534 223623860953445
708888420867247 431289884678979
427577230549690 59985542111867
580157064885005 450505129941212
852248279967117 242987748916932
691337273507986 539483391185522
476815562238730 324992265821361
841481034247918 161300828275920
919863689572260 670432761064328
224065210295378 135729891840358
584342734296196 26398464438394
489585310890526 294315176059829
78135383147829 9137648269343
1968975202924 1211750134899
931361922578487 779881460060496
656639071839584 315239336186790
59482309356714 24865996760127
827694042471526 470592914873075
426633091866683 204163104435845
658048516154032 215109424567875
224897417988867 54161609210844
318246167230100 194665072633514
703782888818515 541365548585597
231925043863911 134212907465031
246828766599171 61019713511038
759673273298280 541082901789259
156169467444981 140859136221237
472653735472305 96385517704755
831383270697728 129536936126212
536710624525170 329878740693876
610985085669931 161275215899169
627480636130799 91499309469932
639789196911433 461563890957472
688822852444795 605762679952283
912366205418325 820634305876574
776317817538160 650346587715874
742398738682044 689581005899690
299627721768820 238048761182548
514862677685503 120289308133147
154612053514119 63234909843632
509487515724250 244431723447048
62585148823301 36695442287888
142730756196572 65735674722899
510961571387699 211639623700568
37332707280757 23351369958108
29179808037477 24694534661502
22156434734554 819679193738
928287272788080 313908105281699
462944591059584 347918848416479
754882527464506 680941024096194
416187254119290 309908204364993
856232434885227 720655972721533
476463371040544 453270316397085
107343229657296 70047947950033
623082543568347 75976416351051
409114706178912 360682798203744
633724129673353 213613064968605
478377977774800 129435914730021
855318337622964 684696952274627
448055664827876 391854795559869
573058435298113 492408920538920
336254217284159 208845500936503
526257576702030 118236966314934
337884692985138 187796050923823
888330494596876 313829684625373
392965273178731 80241877367928
581432581434330 233146188269819
347243001310013 199459209386562
520054271132309 364691572479741
666787687334592 344959259919538
385781717745008 68518086664955
978710297740377 496297823370459
807363292152370 463851653442332
169629027604125 163690517275602
635319714003712 490456253338415
52659328190844 49615417339149
292184575211544 195739129681366
367234605093855 252914952557893
712131435858462 58645801291080
5020484367212 688431610807
98868944965000 78361086510617
926781630844321 162169004735708
324990340930884 34744377441216
784802557827580 26044845946617
183694235866013 101730940578180
740483527002259 476974295580522
453414963672831 75547470524369
858858743930234 700351263413198
271197017433383 158079597812926
89893774602435 76122731525180
848406584855064 78349015178220
792408197268747 111450290905529
849950004758622 848020755282261
515019777875021 199843614383201
912600171955501 348967657522383
694851820418856 348929403913856
568126952147535 416774110765043
689591441805483 48050626150630
289874668934746 57535973334693
410817594185083 196941307940675
957650296005116 26017644389243
939465061767845 412267849455201
687531188447959 1019013477497
705661374929979 527084818623818
796912622692326 273806182147575
998059669526383 40584359692250
543298398632300 161348288471721
663527417512867 155829624729204
682543239935362 242197809335136
519897626740509 143320944864265
654408818665870 452532625763926
544273903993974 316201349412343
970388384724574 679840135848275
963471131185462 415913266282484
7870348909417 606961144153
936218694043501 30973440796852
360996761589045 280547579073200
854822960968222 645479524927053
504808375658283 67331915496658
805497345322438 488941268558691
178744271137856 98256423810482
404046331359421 39729407690738
409674620606023 96961201464301
603672115607433 68770119612364
448589349563788 315097003685803
980505123524402 630577613313176
846987943892970 819772733755379
34715987959268 23093415595191
881854353204749 780801619252271
853458529485437 508916740851111
262351092642804 192379389273199
91755072799867 20537300668603
9914724639648 6787204883689
786963416774024 508900455751825
77945879299732 61059869401533
857525601306699 585894697198284
617859283929372 516073023115054
919732032550325 757411933397128
620112578883195 239117613747041
571590896286125 329707263923043
534791951462912 42620430078673
253407918844983 70271025703950
392647382421283 281641368704247
316934170623830 185304322229072
676569918564117 484324180453948
837657590775101 393757234446559
736165647035290 704139319054101
622823291556678 343550889128501
338708881340086 132670881996745
650595510894647 287821847207411
926998063444691 670125041984112
706144037757890 84923313447656
47781642432819 27881363433430
878992476306491 226016638188618
191221037331529 136783057869824
831067889733504 822806177174268
713843935769592 525673917908049
194968300544818 19074995072553
13249797262625 91387281459
788735850945752 212503279588640
208203375315949 40390994439300
362606703966208 80326931434502
409730060742863 405171741385731
341028514021616 57050311284631
825592916327897 152704069208291
555753912619361 211900689795256
311650758952468 43943477258428
411477494864331 4301036013820
494036856314047 136075217620905
79709454630099 32191044313545
164224281616761 75237940026867
145444829454632 41221220650098
187294328231764 135338824118813
56654052586619 38255799517055
300993234129241 131355818660765
47491231995191 16253992690320
536810843326455 30725546984969
852046422897385 568438959689256
822341209967558 403396268958386
295110125798569 32028888467493
652543918351580 31292436936123
332091014657012 190552276522065
321151822742240 216347019081192
463640348429769 68206157865377
578323526810312 576402126774202
611430107887834 229691793180787
166653949290587 33689872398715
218651633451486 152999705776116
45881828311554 21171919991014
922723654048390 375651529230538
352511061692271 60239808476358
151610820304369 144688314167595
741819709230111 327326538168929
625987269079792 208853197848789
710782346217272 94414514930181
440469248191483 21611449654284
344137619851896 276336010213530
918717381645421 767318631477661
952636805734282 926337758564124
954782941014385 453992056588278
321666825327185 145422865613574
111035734271469 45651793090502
887417854413586 881342703595316
320032465566538 46894017488626
445692945918378 86626886071382
789967375568144 580166024684784
311727934205654 276654951854806
811246913749948 73632041676610
614128185384891 510734002858085
901937276284722 277425613849472
460934517427473 295132968373290
786238196884071 705127375358726
303902008754580 138695784390203
362155077551282 203198055221654
429736327038776 245197920688146
393669302718191 181509108415473
248397844607938 110743695081985
267857902771183 146152124739249
230636021498434 156447850553486
115896001181416 73504514559076
158915284685116 16093466260919
910524806306552 701162031255645
122114719796866 54069915999361
349653754872841 209122345900237
545003385835020 455225972955426
548260951424036 188151840286605
657245102429551 292108509985247
101509004496701 8803827969157
285150672483061 83678726185791
569342568758855 3357723312439
754395645665346 454407788346297
496761035724789 121594256017121
794945594136687 594827392245492
602685512504943 18867623538312
899971466460505 72246351720167
607377147719371 82602375480785
410311837420024 280711413703356
187200040016371 103032446240474
101923023555719 31762500710694
291155271241601 76053468655312
35949469580800 14300037903765
931327251090691 345361439332767
180876880089917 52453511915829
778348350928301 540443389857887
340448603901263 177433689499771
27257877315182 5902584908115
983346531906309 382230593312705
205403841509058 4031852071423
399693269858368 96964842868763
331665786356771 158720982842440
832057941544005 641701565905144
938132949138323 231617877288503
896926115488547 424849481678265
907472503152323 590907746958661
117875640983783 80312654904246
806075769794475 682680136724692
795770897685818 408051977866293
594985131298678 312524112363479
615022521179132 535017891386443
701605207234216 358737015623150
57359355363425 49369365218577
71817728665836 56032511256685
497294369828919 192796641459452
939063303027576 753391033009527
494893305193588 392601748886714
869509826413105 715164442318299
890133962852709 481514176174986
897251204121017 340796682115889
858874093761444 323265585692546
755637881960605 28118658065463
309531012331173 144325677137842
498456885690208 168740807471901
63096198742925 58640728526243
254762055314011 153981915248570
269160765226608 227110742231461
857763754045645 179116095147821
291772527928017 285500982235542
797358293972574 320129033379738
904386909417260 251320946489728
163420811836972 50697937391359
902726957926155 314577716088444
103052123867965 70599281576261
354437456705140 221476148633815
738973647695103 41624368919446
730190121174835 590915200939637
605544922889467 588844390276129
184038346145570 155297353197672
462474027044879 185538449528005
977407727736279 595549668845419
944645557422509 911282469218712
418552644627772 196088622150680
496094153613681 414255903827541
615919157732760 37544181113569
814503075208955 352476419329474
779408232932439 354457575828310
29506911073960 16472466026389
320300524219751 24568652764087
827553226442902 2227488745772
222599284037415 214640284442125
88325605739941 66428878945701
540078039796945 495257606394337
418887254736345 401752141701862
575218624124640 362941107706341
678518179073580 11955696374694
132100501421066 40064437529251
685717153353444 210555079130947
947254473744822 933170249099966
190152704104314 116591036415625
199580524936905 4757363878425
37846733770959 29420486647977
328222982437779 23502024005415
357487044674482 236797884254630
995255175270654 544326736279342
926161603147690 134918958161353
831206351662066 286261402240041
87696544786311 63074320171822
667293789722279 204015350449786
756369780724044 610487678530455
543191158567049 135783024471175
984764700585357 694039937772395
556426438786580 441177503084839
513628607537822 139963026816540
198432508359021 61248519797758
138242933627027 63719216866644
455579483057830 344296033377045
578004769053825 317779554112359
755738765123351 700032738569882
127620385525930 122433297947091
651560538676098 220498201993972
16203613242813 4348891559269
511144630001910 87490204488452
457900456059192 105298316423678
697304324187024 537838338829733
820775477565528 334857353919810
668024529359726 59658863969258
173783071446412 123916936508922
874357950075064 845169123396377
948621852254336 854162224980054
194091200855291 171017852663789
189561337049687 63269163255454
402222001424981 341055796567369
503864794586253 357004518895874
402999632146860 10968464278146
438767840606444 271497046394620
368185350534351 201098289745890
294808510822728 42678794441808
682902542222090 452244124737930
60769506960389 29882661659246
514424013955269 395928556905056
433732414493853 12185560689333
309503430490418 154799381306305
520676114549503 107051603791180
382062615510105 20720735330548
53751590169058 9509358610365
246498200997863 100181540281087
467433827425763 419401394440576
325622552699907 70289190290391
840850114932889 293143804054264
791750440793824 306215480989450
123488271997434 84612563787517
233232900777323 90602654056482
881643370655020 55608536769100
557720629070435 197880373260972
807731616083322 232816215131113
223203131235580 94453998012194
212758253390767 44539595705644
577468716960950 340793910067351
38884066170 5135628398
295137429108806 130368863713200
265558638224429 154833452452762
337598596358943 177178005380774
65394265384675 48049073582502
110207474253889 6728123371579
712455239747480 84593506380535
9074726255356 1344058065964
513492822215297 393224519585833
735513883660380 195572926619840
621509547214187 308884106352252
800476350361309 626466106009961
389208894039383 282870856551895
306692853662174 55856788901475
315409870943844 91027127790203
444950709846382 33287850919117
226263035372519 131852200715825
136593048607709 12330142460626
732577627038374 95381364198088
166118378120779 90549893391709
258193472916312 149831028397465
654887562171397 136267873551798
714940559461692 430571728529793
57895399101548 23354868708997
434252917284918 35637347659525
585608088913512 132139188363201
188985297870755 52204129659415
440440162611085 172218106373439
857607020002608 626878906164574
812622976655806 169554187537427
405474461614478 351191703802937
195881237951278 157000675209424
795181119946108 646242692232653
396279285298955 394721393040656
32285883388343 8453050949761
816044793349493 209511608341531
9824666517584 6054510737582
899741186824461 821625491738650
686228296693293 379274973900966
964797649184151 481180809697609
178869048659712 30286233867355
91730668419813 86922285593548
741287770066153 309919901578355
180816849417289 34453401706281
363635629081132 81693806801562
223177940522530 154679549647265
447066888627051 96985421678363
726287181177450 674254392334594
343132784848880 165676035433987
442506507810023 234983201242528
448856141438056 140469568329819
315726905191635 244260542217755
230958108878084 26116227540113
369539349641887 168393737518076
20102683308348 16602387723546
799657588233886 349059238759597
991192586286128 6196370248316
50251992595122 43963337246533
205552645961227 11673571211080
769886355777715 620072064957216
831673517112770 476346872398987
935657050964970 669284621547678
423683755917259 42761409716315
789356692060654 399702857265536
323474271905807 4002609619474
539452778929866 252550552225988
712643573976409 593851362687613
899171479986331 517428784802418
683948264489701 634664636583579
365624091071251 204308276881832
399538701006133 142196498109606
817599559852804 55016489534865
693296370578886 208053269156807
608381048018528 418325578702004
488475189343242 464401321064545
455963639710486 163362235797829
483720742801369 420903919265046
927865751574865 569495853872718
251342424429087 71613967153825
145475646707464 134969399466125
807185926239454 513020202813032
406015891653064 376168713016194
544920716189954 364242037663242
880066604017037 207648096896430
436354819641065 291836151562155
951931836197199 778694259096644
333002128424804 178206054458977
679747281181460 53323686475597
601821201464863 408294138689881
640260161779742 474258342954261
97941901806682 89983151225676
305323042743206 202576454907876
107398819335346 94140812233030
997347264890596 267884231252564
305544347218709 220749432279189
360363197770911 104787365684000
452564242355484 267003756421774
733852896719745 721411322536883
359268939488782 239884622009125
128454445355016 8142747727883
865093081818800 212547529949471
782673727274083 25646124107728
696061527634715 171805270954016
114249616851434 90460537872294
490635821067344 249817720294535
527790357511265 338960350308703
713975018598481 712753165677162
421834918420295 202534654945679
111890626516525 4927304426715
607651711883228 388865147892160
881973243975118 811348718504559
137505314125832 34722466284869
732069227306196 228643281349195
998184231678848 852363351541539
520936819191488 5890874819552
713572091900050 542290757750160
606324411574755 216197724962339
511952881753553 180277240179740
147789818081110 40658561619269
460104398137130 149435001316922
57633275472662 15925691361176
488690180710876 300531558432022
410274814650063 358671290121726
121969152438561 96884697712312
296204949439858 115156726708645
870498295435302 112359632268423
184724812965584 160495473546531
879640173356920 745971943796666
208993974032529 190620266471542
55415969425886 43127784285222
880246975175458 163674665890617
953225075624630 29056343047635
426571917835431 181013567524706
607734234891612 72288258762235
60101054363952 37118081623713
16033225382558 278233104863
379583653221072 312067563042117
94743965438674 10900442895526
15241206619499 4688662355957
363214350457149 55848854124066
692672272804829 304139824217989
281749199465941 9844337694541
626803183178399 134224102965752
649723450290707 133133250587247
41632285153471 12515835508559
62009585147489 55508075141940
759234364981449 319446278105042
437823753264491 180286519549092
264055970052961 198504879014351
306488179955816 212879321237266
550205519300375 191293745370320
152360863005919 90076639581209
562693920262599 274059504697193
368341369812991 280625614502524
303615628211733 22599186573094
966864951563625 34995022528279
976902413915789 503601225174215
218598016491643 122918270627297
471197122117354 204005682809390
509484486023686 505987341049372
715324355821180 546387650061820
582714106478433 423181644032373
843432582276065 550469490068791
977014932293997 801187096165531
782599359711691 193279966866751
769071653999352 69583641453339
305965695323688 251209068459459
95895747475649 10155770957016
460108184512532 210306455940848
663379928106732 27122922388343
359444707012404 38094111329003
234455478162153 66334479388430
244281605936060 145914018995091
634568806925693 548627287217994
947827637314657 31490691045765
753884433766944 316287585340631
137505257632352 127541885576946
339234474083438 147392005411889
683887206986345 113309589223439
526363618210852 358210721658585
851960112214697 306535906656758
432532869904973 58707077121138
127202808322854 101486576558501
672482467547305 405064422480587
640625704062199 158860149099426
743026856364183 262880577387790
127510684981628 57949498280731
939476455669285 281230818100218
935624814156302 61595964621594
372410607919861 166389569331772
221946178641362 214391124310670
568489160587904 64925472758202
490992200475851 34130798797893
389739076383570 196135656961938
940958008558828 546622189007732
324169697523607 198532481194790
676968988072802 435601883773531
618593356923918 155206663379324
449591382293952 162538427852198
616250920644167 409373771872798
238716425797585 197536132356146
389068871377276 254789655124691
250754578045949 158681605167943
929422549254190 507059115706099
161418074719963 81802118596502
411123063242900 176358732234075
92361054187862 38703347323414
84936749855336 72049808582214
371917938101252 62576122300286
970528724592830 428772744292406
929025580589668 902359178840604
763956928704194 251244997089432
124861212513050 15424066129919
284099317226578 142797168874606
919121719823026 275405091931784
67432569691432 67219276244569
781791159721030 454404451220277
310721944167805 133907031202224
650199258147094 459276475923824
146049081321982 34984489320144
22638520748806 17378680485146
496971074683323 264830036268407
51632012373815 14838505153032
535163385795339 410255627169615
402184733107628 133735864014997
940580445316560 408499284182744
831348903458209 262869305770675
550058079326645 431859031274016
598478505610963 276328645494943
86122645773528 29928008248318
643645858586491 636144995772857
594794113182260 101346882263405
274288044367193 151919560350736
369412213939438 5982475025170
454345195290055 188218240552958
361778288228035 319609428844008
43507261469675 26252566645205
333659299299965 147161162212652
977614693545259 863690727879642
275289013261198 53747838559941
275371938408922 34644946732205
805030585723284 463951402727745
981424455265146 877959987978506
350892706061985 266737717925708
307490287832531 148452006285767
996120821765417 768848005965356
723407058484293 647889608844436
215125976483608 6621926813348
925591941297838 350007893013761
617377187253172 273622767151486
162785155464993 31083302650793
352748127102124 349483798297747
73543329163454 42394756882654
90224168746235 17873996362609
427723311826601 294819012716041
449225972946147 448161265997501
763232250290892 705291725679741
805831663932983 177674716169765
791158943895813 247680061404226
893658481904987 848526170530744
153622608971162 79003027375222
794960614463628 260667192860553
896943583384125 799887684836734
876817736969565 819039655112571
777090583606479 431778750751327
22855531595354 20778648355102
122755665763811 87356137281633
575926511583977 187553890275499
721775060006388 406916146477474
525188455427486 1394105899249
6195617172488 1650449423243
616325949349653 148042731705490
297404790201526 34455498837267
241581346019209 140928632189191
599982852824493 238297796305829
467811996003769 401826200812355
496999349408731 34852211417720
107816295687526 79797379424562
600256087185183 497655596427923
160535913228142 59834993424366
725694236418068 280632675672604
801321500852289 138999182084362
600284783367339 85463944758566
666160230568110 39218840643022
295486206689443 199183187627480
409755551574595 7977638829157
619543116972453 346360763683892
566443755863089 537608606239525
336290901030928 108193713231580
167503832369281 46754416399762
455905799407638 454071794937543
515089169518712 125184750639
144553353137497 78441711011027
983201895195509 622516540460624
96159815276951 40419011735920
7802096708565 1995411895663
77616466579370 65355874085453
126177351932894 123750902639677
726586872734240 385255758536342
422988525964321 218247310416694
385923511680080 359143883429134
775123851782337 481142914092351
755247501390645 530312122350304
887082897015483 499432736381507
861929183919586 673806680856209
281477995317706 213526746454133
739576761143678 559187938677714
41532411700253 4924701587864
331404515897986 175130809849464
663519423456277 322550225933382
372339406471357 297537470597328
134142176514728 113511339344662
283108297284661 131858847745574
824218777439619 186716830105195
318204731850303 121586824509402
523165610427710 186298467442773
53354272556594 41835209916
527311577626169 264841235106322
920990581769141 540677113118387
152109330647806 5635396141330
6751657040068 1886466197140
287157607789288 107384477379458
699201028469917 231478874910036
31013011770945 1426705390265
722135049445865 277696311471852
862142505353123 686565478219742
759974572451709 56270516718445
184389657749031 72397842488851
661382030415692 304488870391934
549168669561232 455682280057132
642870059871968 366106048807357
821371659157188 563177706042392
51462740874884 3146937783693
639079821091394 108387788733913
492112406100594 188455984027793
237670051560145 234683510027459
563680834299636 175104003592915
581287150443078 384180726275784
566603692172703 361241351238408
379129741265135 293160080305604
717964821374993 499216373592144
724842616373303 657770113179962
356589200318999 287706125281040
291933698615456 245519480617064
714295611147074 354882494912600
59774438808644 56795106517864
228181089884311 46689687551588
436849647182659 406914670482131
946244788698998 391524058490961
687143562849577 591762968004939
764759504992390 259140379926305
300935652061576 213568363607791
983529218867050 182178136640951
233199645523302 223213969860098
102502900981007 75137434356699
564802846427468 533374276158493
538629186700771 481816204116302
786556865382753 613178963120670
847400092295248 139667153592843
695477298777783 558592335433695
629363226725247 438584720548206
221947310536665 143695749588366
613230909009859 255252737286709
99251049241347 6406211964394
172718822751512 121182315284314
29941678714700 23454117441188
866340430206885 748401537092047
413510093114909 215354216997942
55210984396949 30455944470374
215143435228932 74413657617371
639292213554683 612675638507263
580261044668156 17498989868525
103979886873376 18596544739937
563000591462566 518654126046851
582102687789311 186078642866065
847714712306741 99043217377310
240624094711533 215199157935346
550773005423953 491562469321562
489594997083516 65798393970537
454611831836727 430884770298859
87278409804499 71939987897309
530594267426498 266444825558839
260100931985940 101813960543678
760288035094332 297844652865649
86740579940699 27684190590110
102276031077352 59141859524459
451302088620505 327520115855219
872666506003384 770243118516363
111735387822678 100970116879900
326430916562350 265216468449872
846739665049291 246055676526923
561216072463199 81860173666153
118972156870881 107619255203617
211018752472963 52697932983362
371554647255214 281246507890909
771652295069279 151091510819567
28488016757169 25156207907970
416423912254091 34876251556117
64665895339331 30401955778427
235057001191876 178852778604111
888038938955473 877806744264203
23642944995411 20391009196534
983832240222698 836932309073296
955282509706831 719108710666947
720844086842326 220611745011701
434560224938020 299880859728135
85627298847878 5575218500028
713366647868137 127872553011498
510815379122628 202586128930961
498862224731867 59455063817807
843805088094939 30214038049171
277877827262342 152923643860392
808900385352415 246620936214009
560071336384795 189411011079876
668958566183052 282843573818871
15931368586809 11117264646908
314092166219909 139401334217805
965711353480018 343138250415372
904448793331152 574741732580682
674593285055205 502229402510442
994068694825532 830463496636406
39661945389900 30096062695239
