825415489638 19970242984
556677940718 228229205916
277433694801 210448125992
957831663265 82420069179
64857859389 40085708421
300101759686 128497495651
391830012132 378606797711
716970801073 647269786640
922192210686 10221474807
517104675497 46518307408
735932622898 575910798107
261139870739 51712589830
267302347977 266213216214
234389736835 156157074779
673116346720 294124758707
204355338859 41976887281
376742921067 38788246755
746793968084 415382042806
765387274742 532204608144
584308442647 224422755216
85477706903 56331459292
792799014336 301149638400
239635539608 110334941251
922975016522 12209027421
308348541548 202390970015
357198220898 159060100091
876659054666 588832646751
120557755449 118779625915
890457920893 804841012123
192185243896 58465985541
29823848482 27217008114
892927497165 595586965234
66344762731 37895382944
840684344791 213712502779
70583012930 32759148230
360505516627 352008881869
692793292788 490101279083
338060484044 198863234952
469045798292 28441300586
962347886191 686447625946
495412136051 3709547086
937432191696 480437113083
542805435451 70164410378
612391093936 163489727743
848829862385 24615025958
247104475771 69714259726
79676301707 74803530400
668052334796 233145070820
738593434761 259059805349
131846405551 41533850233
744557869588 581409225029
577157806480 576528650103
515990370928 86178841055
805414609215 240798994337
206120052200 205878820436
504359807424 151636321130
461183834575 137649315451
658134875762 543396948979
391973038157 218485359875
245751374673 75352670555
416795346722 243659201653
699219678808 295974021118
441868794260 65111204832
574364307605 407890414196
993267483485 745752870689
363840416540 21148762776
703387158335 434605159386
982687505708 243977950023
183125685533 54577772592
290424227145 132251107502
750813407284 48778136666
535323225995 421098205035
980201235309 405198964388
195053045196 183269051652
346980892843 282194600167
158021678333 7497834289
425392765634 58992624875
534699192447 498339348214
923429331392 412665049685
760382081830 108062941025
818705830732 229193011018
235484204613 132783910783
792754947876 760074838857
956016233834 205177737858
831032698503 418672974194
831945006111 44710159449
301805578268 131725660219
507324169952 264099465460
886666950016 106474638328
688987327805 334758037894
601669284645 102352493140
146965315819 33446713555
222335558435 44461991554
952403259814 760890476416
352101477083 213652019025
929391729484 846668346844
204308236259 114073522882
543800645792 524758597535
11524074471 2983232745
140511643946 135995993643
716356274109 398945156846
332241992869 182274819768
457154324438 401212136580
977057899122 501878200226
592327426891 220290301606
671426500544 322565999262
839323694877 12893333951
80260683384 42894840161
893417838519 94934630109
384903173135 219045380429
442844921910 118499041390
235143621748 218912865996
654288696468 491093125329
273418990711 188566224428
469126369068 60215109547
263727975439 2171252624
794304153925 478120909302
577115251791 59886214140
777346366248 120232127066
685328198482 561126162650
837451078567 794847763285
347078269957 81347854094
174768426967 124866410539
910792961031 222443389188
265449827795 64937984511
416429619525 48780543789
971766368624 154126415718
947478471396 485446618025
784324638087 602957608243
862742944084 362134914081
35021735593 24674446966
455074178410 148002878007
667556934255 260620426553
438229029196 86240261161
826631721768 743385313371
893343603701 423272823052
5177446017 2234383311
47336336232 715507584
913444079388 555482079169
282922118805 193600775885
372949343015 103537143245
512766543949 19194581294
218478584712 152990342931
861259169881 482103427957
430880636059 421942324925
107617266928 78608482694
327330533522 104044988594
517936107277 509479369699
833305971631 696975342813
441040565387 335523802715
792420660597 613345298327
801570068742 202714496768
809757458990 805604057975
619082803540 109116749580
45089767087 31504318285
598999466224 226232023179
39782879025 2209386841
573773095430 9632263311
920499646241 749058085323
340761064056 315931069317
138474933039 41871665960
910329640260 861399393312
844009909425 399419325238
830432897439 271793466957
983485101032 656580445225
482076053388 20656276263
865185904793 744358589572
64725356917 46995703671
826691688602 796674666374
463260196829 15574580169
342752969923 328011700115
687064533474 305952588082
983452455970 841574016929
325861331677 188835062985
705215221649 426245740835
282932284434 263661662733
186735652296 118821114808
808142105906 707154051178
652488958039 358729114245
50806102974 34438994885
788406053639 670171632837
915619519497 782314703923
47985912908 29921032425
499011416573 456328225040
847532430907 481593136200
777095470636 546351561552
342609017909 69230139806
792774371403 167927092467
215964356903 23461916173
513925862397 269004160425
763488390141 589695215091
513515990068 138578805599
905791799633 614118907021
745042931757 372602693561
838272294714 631339824418
568648254969 534078744122
657276639383 276160257890
836894916898 511722527625
274743052560 146681911096
650241676468 548701512605
852055975616 635120727593
552739472790 363509795619
905754784926 309671459233
201998588417 121880869966
206248753928 43763693207
250345243002 227476759843
12469633832 10850861651
785352826979 499170905457
514197335874 159443508761
592363245561 288255510183
17858953584 12186153143
646946620177 269712647106
311228734242 70862917197
738577838750 199309103248
92753660888 48964470515
302024174631 29741863713
133174944010 16577178835
541981418317 86712174444
904300247279 49610718072
375100867092 115750359113
930865544641 590093859648
413033170547 178931955003
117964127913 95882869504
976691529160 967036718125
701730718315 12624485129
184784359538 21957405352
341508652795 212473709688
705369115231 102755147493
838707598513 213612441644
705950275965 252577846857
935321967386 443598767551
413491089280 295543057786
971210087569 457646308320
558429834782 87733821381
394817346702 350701418715
234871890977 233015506307
352237072143 248212874074
718461713621 669542793512
839145148806 735048691437
741516102408 677408324046
745080670705 145965980984
504465570900 82030471791
988945046364 699896720801
445428979451 127918306926
900497243321 64338841636
964080104889 37564544430
522289845482 46273752401
21123483874 8639009639
945250711142 881412538550
183576153050 163846228506
958056259716 675177504106
206810568415 5353278768
416146269084 56392119067
341307194533 123266798101
209719019157 133650803254
722729026780 642969086701
653644616298 224933660776
653209371660 539114294653
527630090479 59768489946
77180585297 69697629249
194584004016 15676802764
123511543418 37143797097
728957488399 83147534051
118078860372 73467337454
983257760331 383464328216
430117117078 86006654126
863207917642 184507096457
125508636681 102055082051
216055578174 59908611828
791590735991 224794572594
863562643005 683794400243
164505462341 97471419660
325477752561 137709573451
731171176172 667406411401
965012269047 212334319043
162500998932 149104778714
582794947028 241035194967
426522518227 151853489283
333617011164 310370207272
937487661595 717891350223
690808116447 507786043457
198596674382 71763370235
817214377946 5829019698
125770769719 24851976227
405318724190 94960910218
758739253445 204556812155
323972821135 196957785901
782721676178 266773282886
63635274592 38266925789
952416150009 456815674411
624875139858 228014802316
497957822220 282529970068
621574646497 453315695786
120030653082 40480647287
561212381804 14839409037
870579545081 366142879855
261105239270 64652688422
424201636104 154681210770
825462204713 406083947526
755510636091 49773873422
943891773100 496653122725
718781707192 384385802476
388088799347 352672911850
569442102653 425862280433
12597155073 3015563038
408574561742 319120658245
500324647521 79923512821
436807921311 167444391283
383781931352 375384374916
419546287972 38803073192
382168139053 330829646871
222694113539 207288810130
957342899445 51508942917
978018030352 33484827106
478778224453 139528736988
701367329602 439993377054
380500229182 175186177289
236498969983 38720443944
734168418014 349128215126
964799056217 711346470413
521438603834 168236614612
166139709704 25214924314
396830926074 72449957986
760228760479 256060502229
704707544338 263851742127
406863387014 8805976106
825334552193 745825632102
932993317856 879797267674
295812678366 199943899553
701856085132 96827074103
565334290316 141261795428
673550204003 245286132866
488178325345 407885664458
716678638665 452858920724
21919551130 8664114326
579035750381 6847732087
558989313629 538173050111
514608480725 91028438188
894274721372 883119935134
558998567563 255145108441
600432115111 265091337565
181546627489 154972714152
834169322609 782219548447
932361307574 351567020547
736468293324 519677783230
197228646684 92979776083
165357430774 132006558835
984448967909 741377835877
533391728833 59388070006
400496273263 115946781385
462495467157 300337121552
968838170334 911815031735
910302521811 173250574972
454612143545 257795973718
372152894341 228554281509
189901940853 31660981640
326391120135 131424741696
397712379788 293541999585
499220789068 353912687018
640378336953 172393697075
623967462219 373054263841
38564068583 2587406001
501591839549 498599329441
63189893103 34429718400
149866334398 116349762121
134987814769 64321569516
852026873346 814098635568
730735714458 269297612591
914928469542 471979624887
332803757678 326890567125
947891105888 714245170627
719617253084 551724112336
279349536724 82142731489
180810194150 102958798694
446985989153 219498484294
436072191027 91040393088
160067293686 142109808330
82372800216 70268578844
735425763184 111545183979
408137379953 362083319095
612850597036 479326255645
728564981273 25440965527
780599313815 167530759609
593364272913 494541547755
358061909656 313180492484
930278670232 714381120721
279858027386 7442602925
343202874219 65164212846
485391305144 405612903794
951399512556 36040589770
883872689562 130934015743
709198643774 136944555449
258193371654 29928591784
469011245944 277027822030
663489625374 345827616799
998457902418 721138970233
121120513541 85868281518
703979770019 342316678247
66860687720 51146459101
115152256635 28830769222
897768662443 135550734535
772832893961 71819739454
37740746780 22832414348
129928134820 13728650072
153372553780 51494344159
474844576640 136233652330
435882982401 380336805621
126560269532 15490498168
637353352251 435958021578
737161534904 330061558627
873574537276 99137018001
732647817962 328147646038
397154928793 213608686077
524271933328 96609991507
62344893302 54834084408
915183704800 860150594440
368239001441 337332445376
759544447615 227824593193
635693683254 423295104601
729094823032 561796471256
717108834105 590313829551
439121484186 151057158707
388463684029 188682208731
291600137840 58586624148
210520011128 205198712495
250678729894 127816254744
964570987565 553978481733
914124674044 98089016880
694945227003 296887307122
44649520723 36251388761
97520850510 74912436954
949978922568 466021359590
903725866272 188339609845
693641185156 256678527552
628605457527 467074918125
144218293410 142113177212
100173730303 73254842655
61145156627 52967659257
348275000370 15786454345
551238454583 416460819049
837197760318 575621629546
14554699573 5595257675
779372255522 661834911464
358487313390 189760799299
548960376225 180779693291
396372018490 140493157527
485900739740 365945528133
849293233311 322944272259
332740086541 301211407473
123403835596 109155199610
12957342461 11463679401
103014224224 35166236280
532316468696 509751602679
511576043438 403694652688
50416066971 10217379495
147258083971 111951432775
447683071533 57221641798
269998526793 130825735838
904386528504 761260351165
638369615302 356185530344
892792338689 60329001095
683935081849 586551994825
442828488862 96058535061
236698199655 80350450846
770582605313 735141781711
619845467002 546819580067
997468620602 198801601963
31251011551 14140102222
785539904438 780981564076
628377967140 341821084617
832806076820 552290147811
977145635873 53291148363
331976227841 59235018414
952511939672 923190479694
537857555015 391832666519
359769283580 230421731157
854049841785 700416491379
220656962787 16245747050
662184553057 55703360175
623255655903 162509102581
726012583598 34902657734
663929558781 522460058515
699523546675 699499810125
217200096318 15761199659
673622850079 434594897647
242952018926 55895553814
783900508284 747779046647
399373869382 312639293245
668174832505 196534245761
731236625798 239184365748
564152053891 354520688317
485779400779 380565257293
738418038162 211013973375
210886740125 10120308428
86026399065 25448242875
384562386927 226738611840
406038161095 348050421340
260979938323 112155656577
229337548459 140243186363
28534801065 8629452838
25390722989 8167088305
180773429114 118629865685
575730647707 235537370875
536007031445 141538374144
980031013099 789213311568
22004444759 10228202104
891385307395 302108797151
93310642021 42532049375
465659822983 197107049242
805283434735 252424636104
557285488196 138430452509
134355852907 68017396416
874802241749 571581934326
900982773084 156872280339
682584819053 457907796329
883988245615 223773835119
573240838231 199203446018
922747053412 74876565734
130665584474 32361527491
62774990470 27845319850
824187340465 279024186721
681864660406 519547805389
4157340895 2550038479
893645019455 254114246145
995994649608 250205735881
200330195967 179921222017
58390314879 52915944184
380682665486 164369849345
345590293371 81921892380
122455470895 78058555630
870663254011 489747260115
45553978106 32527555519
405144531204 235867388164
185077306804 51318537004
310277420127 220083332219
997115257222 367415950743
894226930173 442543688245
682451935930 387998447983
79938282502 45103495137
874215971001 363994331945
750213608737 749337997160
296855710738 20093629711
295036953806 127579975539
272367408703 2742552149
253843072701 14289582793
592738346514 371440159535
754143680086 752633375092
929331360794 754544291661
300406853561 105233304724
630928675777 618748089063
992836929397 109319718680
880878610682 538875990388
990270520656 637831434147
403174103453 102012355410
949113561618 580188841123
645725018709 25338890894
959929364082 886297154947
452238891415 232244231176
913390753856 753974401830
604176084080 376890260353
33322885591 19157747502
390733630539 379745522787
351873706555 283228340348
896353251498 399736651358
245933789255 153860262989
360328353235 287478424595
675303906343 368279718928
853350011508 103199292100
427063252864 338580700961
302258686878 190028046794
461716533558 181410023264
988678714380 284927733838
962273346246 412001638032
51174791207 29725383623
892162893920 873663268239
585708617509 234262001475
929248926244 233653206903
796066430652 182175431909
533154617031 157491431225
943642295466 35617824851
396544021594 198566205330
955560814630 379918645346
989883125240 345038131234
63267737808 17197966744
999306747296 191987312183
783446284528 97828761277
114504165666 69657121410
194201096553 30693297679
639908296607 469317525096
571697598575 107387694927
484358129647 405974672926
199175538501 126927721971
990329146496 426749499014
268619269229 173830564490
950599407525 700162975181
294459057954 142753244620
245210722198 128942563523
38274223333 32665385551
942957163999 150352729111
69259932471 49676201944
261579642269 52425677554
608780790481 428215557891
904765140812 843855814807
234472965935 114220716421
425272565621 178372323608
372119932924 110838994904
277787577137 190309705357
395063605972 84162453760
397415628222 296043954318
303340956281 22496331125
893341467911 518251314658
669658265653 157620419892
777220421586 745661218721
748623188546 516845998251
682548052681 315195934068
455604837480 327647631207
802284348956 491380833260
436103338981 25642668920
944060719228 338093876952
222018627511 80405629589
123568322911 28789136195
30667669262 2517499972
605245228863 414286906694
705232073603 464121564272
558530640182 201892738305
350588387707 77930792684
866571118518 188534410957
360575895706 297288297549
433235943311 286286437008
540101972531 362052312276
281418757577 259497230997
791621264919 2696688002
415616400489 101818367478
126256140957 48472524961
184326117269 138098319552
801596774691 129781399234
507627521331 152761225061
380723359148 263801469174
266430901227 98110290720
745302690224 239573851979
8048811917 4704821224
812318566710 733803313994
847065589922 254100117643
185960814771 23219372310
44392077596 24722128322
554421943647 405557229740
975663344542 302673587436
724731889830 435081630543
164524149824 36086471668
221418328373 175690304030
347334937627 128191516599
671894061038 509159829661
946976285600 221839793879
407677142778 197798358507
861453396676 289630624057
993421148530 487852197638
595327800482 451508891331
277573123217 113276470553
99227391117 1760781700
989538784540 322385328156
6047709598 3464298880
550713610951 473150751001
563077606136 292422101526
727534067899 136915620604
497797774694 120634302745
660573559091 374987914488
728436607317 12136630684
156301366578 139641166362
235558156457 142660526580
983644935337 66977095075
946095673581 721833968246
732443847716 39225993400
82975660223 9050649184
540450185599 385736707251
838838996893 404218012107
409907308169 168600512386
874541619202 664931568442
771389702267 737542809947
879299808473 728915862948
502458113832 200006254948
747893937681 191883037193
441840366690 108603931278
324234199533 143126339285
214795848363 19295769166
383234028559 263378300516
363335106553 88157671114
822149277286 376805196928
823767144780 557576112622
371757579962 55300734430
1559871149 803748970
208993060282 162358718087
355711482085 42537366560
319054990972 49732522128
914079303044 221217019680
883946162818 82660108755
425221170886 378888291724
723048432304 6161137040
462774873104 175182783194
782082082604 722628654788
866349422378 130632175387
5054027877 399959493
382465954971 17090006332
395170786337 274826113894
574603483 411891378
724184385004 71013560750
26902500969 16324216341
406571324996 394079292368
720252512689 394721160374
337114722067 291118832173
294489256578 57775883367
673831239764 575493717795
936438851867 291884606089
525782345358 305485408945
520422711909 463188719723
307530969110 19634937860
837852838687 227586533562
48863761554 39053412170
776022601764 546707841598
285903114928 168127255043
372092192649 38806493736
36398442982 5450559035
436166700899 377238950155
100848777396 22581479014
863740995931 140383745857
564109319152 375284594725
604811215789 111708527568
294313511503 137882733626
821930898673 280174077655
551609218761 282894213756
337108675783 65350575257
736809974320 541703963505
138633528101 25752808014
684155722886 560754335459
910895177683 166649572065
886344161697 142539051218
881319877015 839549528120
985890913993 944150795339
814013006611 138907253043
335360701131 5943518507
489397769238 196658387732
305492373512 207056971832
491356082024 270739929976
235966396780 196933275057
543009432467 492577537714
46716921246 32734802730
953882894964 14552770679
784701927967 327544328448
833402354639 44845880652
717345497962 600049727296
534167952363 166735612073
602722338425 127292913321
562447240066 32410419271
71437986873 62953338941
201097202682 123516798161
372853320154 345702023404
297322074482 156079325057
330413708177 308964556161
434905193439 327365419747
107703289633 32104039763
769700232657 365781548320
976492354000 719119720851
950735856887 559910221012
35088837745 13095271805
689789310086 583045669808
580443635827 393694980282
150238549000 123776233723
211226922139 48831544554
128601701772 61132909757
240567928028 225288130792
435663445069 96280130829
365153053584 361313869719
555511421981 213245356418
846963814978 419441339243
559432531566 13585688898
173525070685 160238104701
569489989224 200757230905
880082975883 554902653294
753371260933 737005762684
179479417790 117279098116
538011974053 532963746350
306298967211 220052825952
825465260919 211435883572
228886360288 120758426515
809937897256 18086331027
4400575019 2515063994
364261220243 84541079625
345011437772 332445265411
952309772529 316462772253
757989497107 408442414
57315951983 22616385056
363592082149 31360536216
923102274032 125886470861
60135159567 17207967944
338476067631 27094980783
492192503295 122960921058
917654460316 846520246508
35303263563 17368837399
698957139471 38587799740
767242170050 393008879561
964072657653 666669350385
833273045442 313135410210
486546378790 436413089011
711095631297 511227907106
372949632237 246832963822
238528361588 8099311678
51636799039 21272296327
791827051241 279513049893
116106812696 89567078483
868845491098 489658042798
925251005051 230104903021
569867534176 533503764551
21500895858 16653093676
781362617031 50399875454
84138189742 68781786141
414631331087 186071248452
408679797619 137396737426
385347111933 256394772234
692658523164 254651582708
634854710847 514537834992
417221085761 207234323494
487140868855 42555239050
668128896884 359080696916
335745557519 193121839824
528300329601 268754347606
341967226429 88947323248
402858143894 100733918903
330623919954 125641237182
772410060217 535237240836
421394961978 172374658088
745445641809 70193238441
633552566646 300055563739
124406917919 100473113295
744064364420 264708414548
840347397820 129694995013
615304151998 582558825555
926852012217 813257089442
289054150904 98936210000
926920498971 877613094661
344994309194 3163085813
896017578184 744761960781
573220550283 563680585616
56675932902 13750662369
663084420415 13401931232
298980621202 88667846764
231280821329 58774536325
191760040562 5861205450
114737795890 34920168640
855468088385 565729815156
783606115262 608822339962
663200824477 623872155613
543335191565 524835261334
940979190987 542161939926
502894869653 421295901525
685778545687 418139183530
211456017562 165828590398
33756129253 30537320504
821002790869 516612847283
64239249379 56246720267
849155718782 548999478439
555038385483 65118410277
18212686094 9877224320
181915159247 20723303697
165971367949 6165723268
960722376180 124432103083
222962899142 49650465341
581525415980 188812834497
117241364997 84996537941
83225071237 58583700342
8659646687 1362245538
290881544117 118070003619
272276084453 6413229568
972735446643 315082426469
708005187627 4723455043
527881673244 231561264973
555206138093 107039396431
630237293186 592076673577
498870906057 118406634796
836891127339 422705673305
529614602476 124195296280
291982036809 86943788966
873229758043 716082417095
732539789892 3432610786
819697206718 180715076392
329172039034 163855605704
688057092614 6857948231
491656334861 29794612494
658186572622 539954370865
811972792911 225334871981
918157777723 45556800845
486376721403 108035742646
619024846856 109052946569
539974142533 386700101239
226559553210 107233256522
982575530380 207852523310
303077473327 8369444935
572585529470 279137172946
936771718377 347051815808
688240213741 60901951304
331220438685 90097494149
725450923638 4463486745
177911978768 133334687057
88013874434 72651433409
411561869313 403659373602
851267013967 723019660667
472998232189 22837805740
910167069142 44393980426
640365862489 237904390669
508033630677 191362329282
201203489999 3003708962
279261195903 8969902922
534337955233 46255184706
493478298347 448841875920
105101222711 98163900449
608534905282 284409848633
8461520730 911412307
804651754623 247135484444
783636329571 510185353180
635552727034 263058339861
415605222785 354186874925
560081827223 191650010142
871226309353 573714782962
690320553124 318255280442
939121851584 107479837622
276893461346 276706386885
398656333992 301891193200
16099416392 1219956975
989811468589 907851007252
74068407282 43564582420
964936544058 129999253599
37604079206 35777460570
992656904730 745015352130
694999758765 23062123447
765484653821 279277269295
427775253550 291485507512
932044866858 410984348360
86691996400 59408923032
358333165767 93750243448
904339228097 497032489411
458639410718 394044592935
174201200043 50293099461
102294634747 7779543926
871159500362 571780205169
785845592160 748787049655
765315138559 166767510587
786818756812 239772299041
901676411118 267809123796
213370950944 99432028906
804820883225 601846628746
283940461758 71323246741
431944505286 253589825510
975596826943 135991279159
193525674961 29989167521
707399656490 43476430466
685700096584 73823425844
182540572304 89094422382
719070674986 161450518631
558517098855 499806462454
128571314661 21994185919
621084910520 154605416980
709871533493 378525712802
517188687238 67645365376
511172676956 369092835820
310536388088 208583606607
184692510668 35511725092
700979376493 531044232695
362255393985 106320848087
519890710864 211070734132
734933801047 606515700949
536662636083 411605612300
241185615013 143390873725
312976911390 211741539971
85038599773 5802658900
613722299565 399771277482
313788100847 198897414106
806091794876 702267374035
362303426607 172311786439
859681265379 710391956863
688577889083 426074416813
886966388972 787894491000
56045104515 26455208364
758926239422 378096116993
583451080827 435299340279
668550424806 303438657569
5934406368 4099659589
273952102000 222482063884
174341058561 410157587
153452643033 92619825984
795644745973 548154217498
154180208171 53935094423
643235234790 420764007365
664558212965 267369284176
370782473898 210406456448
989427827455 847883652770
902690607519 30011484267
568265574894 356876683975
189427076341 179848405550
919143669891 590664172422
369920102839 366965596513
886655187785 46721776155
427184697620 207502136986
