79269533383893735627 11699826425448779321
719848508899078313996 543772528570600579375
516784068378050732188 349039985007092001384
295982978730165983319 224283166021026072163
298287905559983893063 110289491414325048769
125114161151408237272 121436368147381896742
326323328021640063151 322893813198246522017
433717516548416705014 307064866101166211662
328692905124909840997 117043542638358285516
591339469088308941900 431560724457464230557
885714157140808463310 440864156113807341939
348808964704363203584 57074063989163314313
355132229313223289679 43954990569245097827
303220564292026006466 69349712264893928601
636187673671145390800 27504202881835740915
445755284005574272404 66761624625127691088
189152117781928822488 182214683538495122906
739028056661645913231 721425702696845505037
5315653186639281460 4431501616749311494
804154423533779654261 130305793213617948303
475546319038188735282 397381262050423395959
95788541522258700585 87589082448790880650
525290150378675842964 292528018760131912824
487672808274972597671 198742705636294245351
871883655322230771334 625613827282425685428
665002741111284762531 413477057591681385608
818070508603405236164 741225461151017716571
375230520150183672462 133541798029503950412
848793718111369772333 128216033835042381238
742340986341190645253 430863822935524578932
652479620666234484027 123542714292107646934
373322948650097503614 278326432335517681954
226778028236422353397 32443529122029284483
885925602636878373258 249513918380583631086
618063501916279939737 111643889833854588776
705599040006607840807 627545906915352651764
350864720728552722599 8666944006368461379
362328183826693730454 90331932864836315061
591946386216723661826 255539262214382319509
594583841709359732633 113472254511993038248
335331484170087578324 59042789596994225392
863231996050117387065 375080227210137068271
927355938234891153617 347177395536759787861
397343508599049882950 293281918348920151447
830921828726563439588 742604994720945612617
543760643558696285507 29785669902053797962
21602693801171235976 10157649834488366010
56751202306487235765 36680204216660680622
797848252898861165806 131966290293460544569
633174321889036611430 624658911773824664867
141824539515786598395 56421858551094884005
534071163999964072988 515364308851626104793
334859368041648457241 165536550617801011912
898026325785491525353 556699466362009674376
501098946353807120642 99988254729356221776
122483146678579838904 118265432224945509063
706266120297581803111 598888719256928705975
928039394908720848764 563123887356419128619
944811284008156473755 633485178462659087340
528714194924207251175 439942147607771241087
183886169216202933710 168758233233465509650
615632879781117829913 220510585196772767125
901738015681175017667 158066585282674932299
603115606699654482651 150366006360568018845
892297373831584893286 875628264335580150549
599979031856383879333 78074876881437495436
323772062383161497140 268713390534474102295
356300237846745661157 300071552923191367470
427311818245068944688 139434790603318451204
524927296536841976408 139977018743923727194
129453650867257119101 109748809680592049411
701750617473952252166 670537479634169189057
91476845712747054343 46142775056819420626
502998635682727797064 104916924078216928781
594327773587211792436 316452508879766594566
233138220822123581383 157574660772660865652
426200807271735377779 416380234438872128550
28719520465292473348 5910339560639449230
70005659407990433853 33450815219046092519
224593182578524036014 1761040623633635355
339243197688820939692 117064136655523736042
38435555810241190179 16053645731832684485
830028697382510297221 124047748245967338990
964084177933479328007 722292942175884000272
118905508034345444524 36985253617955314399
948828924508561869405 27459566151079151914
218558275173775679293 165140337424849386450
716805582532768374641 493272948794562995053
925442649399592243779 8704025867158872866
369251806259249997255 269501865331766667643
415146568093082057682 283031418753741345518
531754771593274940610 31170071684458232772
818722175340212848125 36991409379329649584
935821974589596499247 683745809456258979372
574161373276544454137 516572481578287831784
486081305033068094830 251698742885833768633
602148864343864919068 3160348996982875464
91111865685585711278 77111067228366448156
31575439947072562374 24292793726928501106
796388675423161254481 693419204589621054802
403261504642004855323 78240838163473737501
454248991952947525022 371111314427718772834
711140015352055233470 674638061210276452631
686958640860287704607 185526649551896959730
187407346810426469396 167046269989756405571
172507136847078058566 1308505425502386591
777580762261190812941 534833531289872407537
91747584071688544254 64315247791648557570
505785863814659623265 419039200878946831650
646169395234227299098 117165191998048091165
965395273999551898901 62683465780405315554
783871658139295668215 67532305170260786798
762008806727906719774 380747346228582038138
99237942274201082428 91497017178195433344
695461918797134572266 77921265726516496190
390826333798103225332 377826750684557536377
440892268057351801796 399449628242428595652
765853574127588767470 196808298522787633840
941426894821985784068 402482877946043257529
926817695221164291004 891415130715539580619
956542796677662907603 273848253276760220477
677413761087458644800 299012216850313648789
921096095998933285067 691287448510507518382
150525090329902099589 30053732077686584589
734570074980606511774 35805423873283557317
997718055252451504639 386976088855190628886
900372131262998664840 695338129848058688446
950243820924742712918 628238520519144705170
373746668616301823260 43016627597043260793
5611914711175702124 1798049788559707575
979393628232774638901 459830791363415227603
252984792846966151114 25752359868332166289
289853364005280431771 14129250220351818710
834714520638056474144 157902699240516672308
311878568319651799840 112715009426231219179
420556451332534400843 411411890780185753764
384468439204820942929 269124986994126736438
557652482171671043296 503127484502429777981
977108732729872551206 528968070948317668288
497110840614963925448 480948344134884517348
622915548286369122849 319749794522195597099
314423355108857417065 38319486458576851314
558151193186419061493 398720884807989450500
416687058590644089530 93476333626745357168
682866928593149266005 427791742239696927940
431252475973028184263 65624572408073549896
747834804615042564250 649807914222291957696
386915316487145155331 31916798249282506568
448292603446403396482 229008895430534193384
370995160259946602172 344969645201250017875
734919550467641237624 43557321425686513103
755029892436671332663 733446256605925103375
369864818002176151620 144925080511091050757
424044373093985292211 281007795420503139221
41196079276424090085 30059639902018457016
945304502686375981093 827036122410580317283
700212688899105911 40887215186820711
290125799522683600633 114624795115969404809
646291297417206381202 634225084863125681459
798158760125506509138 740701330565676880243
916053867399918914442 618100406246009231469
938498428256524999057 296268660718979173386
946198078628612561343 223942686669617640187
541691167066214254298 21211689508641759190
881402275018232043584 845190293376098899753
930376064152539920456 438169571488801805005
236306430823524311237 188970390691911343049
975200487829346555429 869279056454677652816
157708427171276978118 16138865486644213514
804496558110155830787 526537606334422066062
277883256236593027864 40604679365945142030
369305882986128963601 42522758696950995916
643126526038434548602 154845051938513113750
673285542296220198073 639487102940609068816
871821063777635874324 50234915440744844099
698759314143511620575 654619717038475718526
579386323230714420686 295827521624273987117
692243774690587308752 445356921198715635312
701696029487430137281 102021158302338353679
301845001564602464845 158066733648952297709
672260500437137232604 38051642039667214993
221780462685127663867 64513535232075919103
362749702969086367502 183691020240890335016
316501406902408881575 267617679848394346577
183144100394247831311 60622385877053855073
599126072520379128356 549507921501302949731
242848219322056779862 111090152090679180908
297554361877628408265 157071676357323626914
556818330220364196579 467958043638234756091
654914835117567239647 225424618349030580917
443345141365205665667 291931173287264454126
312927969847733904811 141662819142984803240
307973796692266726251 234173293869733721809
133274813399381986579 105846107752666080513
177123539095581233743 85478456150072639434
383094104855501796449 60189676344990757420
837556785817607273918 139404007115174311503
241704656658293486931 3117812763829822122
455602518643625938144 13112589966244790378
920626117710079167931 253248472700232047798
884657256526504866627 552742819349627594613
884100405736790887414 306430574809216425374
909043970571390161760 25825520091090159931
608277940043300168256 513718657571743902103
256676992380955894941 231918995424393681956
260575439231012124193 84802195388193333004
234521424703038622967 126000254824016953019
81829803803924765687 66429863233944756800
128156030146106262346 30573615821014901719
28782838994718941779 13086687394667112666
668468710596668086913 416005772627899811612
772466757374085040784 69582741250054505083
617703095872485050349 549860833167975189899
732237017700078517983 85000881299702739653
591809994577755094575 159651158787458734775
683025575998187591232 377039533356305097787
501351391190115128576 269609377373498835720
316508644786438907704 314434498335374402393
231008423980003907621 135151527850271784716
911155120484518951115 519298527938933989535
874112833487810908540 285578525831987024196
131188084656852139478 29670732183886527477
364301533723984851392 232568091335684384117
442307812705412683241 127196324311276403412
13403851369302209983 11107639525799882208
562385019583776094060 63032750121393788019
706221115864267545184 223450823731265364724
49849130263993315497 4431948356172175288
145559594057517067661 12677208491184179579
646179898014533785401 482418294535054455129
273576789624582799297 232633253641163394642
526670485941948211370 82420634671197503279
116538003391972041412 90877106226695883777
124420002753912506175 96735945951051490076
825300989553640386034 456811729833373556099
566497362845660275650 556996783271238100341
463775510843021096854 404312685149762536592
320972112119448686647 8411030767434303132
493628009201937839203 131400594751025932829
600850332127666197454 529111856112964697418
743188876588636332737 437214146294888419556
496052715504893991783 83438425423520987581
361194241034101111664 232328407443736031772
231582116538947590950 134983245499992425814
161606869898480279896 154774238126211435124
124828493699119679219 483013758179354710
437887011135673393257 42067258001060806352
730798525226087502522 264068334475402214564
558277016678165413783 324148919406652840961
899589007952276597702 134853155293640911472
211020583712541613507 120789198554897451100
758691556991832656071 269537630258503866943
855288043763684538214 51796886394299748754
164715387256275725833 63845982885210875258
80243897679307368182 30091594956303937005
808681473596573061479 652909217463372733882
673212250784285622250 477023163209842278899
610486624105561241791 171949568115113184186
858698125959401943566 858409692478167361374
321826250186290863858 157856848303194862665
358364476783422153165 193103746114273720369
269073608861729561150 7380894159981685800
664375326204489483887 87318275863336522749
312347280046081979566 218936815747693216936
18611122339504035491 14916190215136489748
521814018012034743472 296004882381615216753
864407116473453441170 85636000674259113908
769537622968880675932 487363596501901601472
307069800732648732720 222322026104166035054
386381340086173187212 307590930384212952379
342747238567156505187 6820358641509201232
291426886258500547363 104125723210167123215
977061647165675675772 754388325830392999380
54756915650266236486 21925523684085157360
54026978739876507325 27016782007423801120
154029657926428838521 106350705914023684642
208972185317743159004 33473508983572726856
38009049495178252651 15281476378983218689
27599828092566354657 6107719996315891349
671346279608662793136 644951486412453796759
463281223952622590717 460943864271632369421
765126518487988535729 630606510422556278985
968431753839781272093 904981925687211013418
410998646682620009064 296458614430950596300
807085297566855834805 289159968582957242874
774072670616832532805 229248202869009599733
836029115170533252772 510025014830179630769
24828409548467909649 1143374496231323862
133683987977135852585 23773686213150001860
968498062684658755766 94369209004335762208
669855885746894297151 293692797534831888651
226370583507695899781 103106550650316980634
156792996991355500821 145487613521542049588
754973548780295147985 387173421837309691068
272350428978330303929 257731293156725278388
89395060930109216559 39019691146496880113
155805675220115765946 34452218246085036750
320064699583967485551 124150680152282528898
145801344686709720856 121593324272699163533
526100360526907846595 356742299173996914796
174866721384539108879 50448964590241541400
221979476893856463171 28892876909112155353
152014974232727951925 103595864433555607433
598755319571959207339 452818321641090715150
546335890557972854722 117816659306138976489
991463737575707661416 639417224516376646869
878897439706035757361 263318231218603650444
570316182858688432022 355720513497601039675
67835110300587073278 57135908256484973419
461757094396692614062 187714283202229932336
427555682786996257389 421669229003801940828
806328898907633367567 424545510040340874293
866876047226560802964 821461143914082617320
204913217908250258903 203083276841622829247
934228781747558322306 759291040205127349548
195114231112030458859 115308292327688455979
846222255422917460140 485623393198444885057
959412839340496853185 836696924257758943706
256333500611128988105 39070179474264179310
714750234864016621589 609271185828418691138
582604332902746897770 492745482113660645275
288140909655859311633 283311379571038535600
885137083581932340620 550015825586608864399
430061114039796604894 379449802275049451154
317415761940499873139 239100726959073306334
842558569140565377652 695730526771832481623
79145388702943854043 42285404796126565553
572229268249003565461 413895430081516517214
352530511947034287905 9048122399969030666
20095010136430863609 15582890324128830214
989602953254926528784 17499790677055601104
771087031176892858065 550117580139543308085
246731325292178274382 173864865838152140800
596643662746017402829 394762873764580742153
476763204811365668804 35945038760098458139
445375607531245430359 132740957649207695685
496159102843793497160 226740310135757084161
374365656568142434113 270822201687065130212
476369716336377241485 252462249776119384675
511792376552458026243 382121538694282487563
440277627152916768268 113543994112528447773
385052541691585891837 105446813367052206480
557182733999258325502 388928723497053921060
815564652796510267350 808896241719913392631
382807499589761488788 336810051738886667656
772503425461567708933 608134653942316526856
428872805390736591402 410602550182348151880
562878053528005563848 138995725999587450249
995237848142541968075 635465922782121749470
57428135021464706399 40706635275719512579
643386462203217042690 388043573482817713589
413960286116193319287 155116061621739943830
118902227682254727531 53209433127660107696
351347491377203681356 256330662257187468475
581836136159041585726 342662495831448238891
265526257660591877129 46706153662728866163
530181412256856407277 195161129592746318142
816427980561534180222 406998135164816996050
353889534941771499651 43967769846342451806
275213894105786635140 47210321626478330498
491516812348965840066 237400196124895674604
113206737267038588346 5931278838577757541
385235836806416948740 304078683507983479899
673839855418877520791 117690482645502377677
703857524875527808018 25507976281934029800
725066564047542101735 136405073269985346068
379914541357352351104 41043445906720353037
993787484683690487092 121927135118179356826
990931178357418854704 813590830462860584785
53985443596928040941 35750767929775937959
589608509275626088277 454728394550484131247
373682733434853234262 142270998117009906628
922170129220809953464 525796832990159829650
294583774611583204828 179843612503245179826
291668506146514687454 233247783232919257433
249545453723782856049 194652115060378292799
18526549694601120526 12151691093354092274
181374038272381111652 145051924881735261644
820229375389808181106 498117040926194671503
242643870780678656158 118907808327093659407
844075150397268183014 213716078187821513697
38406010814381733632 8317403234023037890
475546745675847928904 188186499086234085448
692638151704484270996 276741562232687297473
907105143744331894818 345616874134755329624
650808400001501176912 92025639828545521720
468148589883964934020 242157697275823085897
948333279500868203086 473129408581083598652
871744476644361802074 671955240908926822098
680559899941665431454 647261093783714255379
688695538042151329968 293645815169274956012
18537678291237818897 5808790151678028118
279024925557806612732 186876215106286019580
95718658111303901448 62262766770504140581
626226001604059603533 189925231997272586805
373751504563443608887 294410259185816094195
205122949782850374077 35271013778734703956
952359660575987780665 433349073286204632933
499847371410443452583 490947022148600519553
746638675934581111858 607421810381848711958
588355292573735909651 212807094540589736588
143075658672758134961 95402737410082492378
227990040007267858956 152235206658266493045
992694518764511068393 488824334610583262215
379075331302820519333 178181620767455760099
888157533329627237960 85286442057387901515
655829608206021360705 44086441967059017461
835425089219113129258 617119252547671195541
22596111377003828776 16332005649558445532
431054131820351340521 425299766579208217889
631312837216535632280 541125009424806704605
978462860260955724800 631396123964357120134
995356670682744870749 18439521729852354013
458308264381610305326 29539926367956881515
368758967413563532861 134112549287560719214
489390268992194057850 424849556394778438121
558463624856965260686 252882035682485520303
94640923333773225993 6897016332584502312
909729040297958171684 705399946015690560750
302251748422847281580 90824362592481531473
316978104183321519676 52624667642324069869
227806162039058752168 127699234753910520559
977279569591559261788 194662944499710517445
216651261912677297902 61315859110875112099
265014139318779071190 237881383847050310053
21762693798330968782 16767850283775465115
300197391489693586549 103705409337646182387
520148377176736378505 504725782576617967291
300897734138205736549 70044641408325355020
559409485701972866634 173605226938119995934
621937975329801464578 500733098977393072999
945488374703792070757 101118688829638017619
144361957329454191384 132833906764180016203
530734356842768767853 475632067208475593185
763458412368166503895 132817593690777779998
509752458647310563915 311117620723924695366
307875493157174952491 8373551281285770336
836696049727414127232 721870363110118197225
784177663863301460464 104957246258299557290
280667369373499599137 8180090463360735999
51438677142060319042 33757881193323309580
220274484241851429104 15624168950354791684
416632164605135079466 87555024301787849566
505765339934042856048 339579653746491877716
224018188229310475146 32252835110527974484
968775573624759998431 631027338502199460071
468936869486959597644 435349320365946115357
364284512964862020896 252919929498205177375
725687043933512150024 248286157078628701672
576974610468852109958 94147071484218632572
425018014707302778651 22791091901091907646
717512209856204212241 506645892893521119772
133761182057285276517 14428774176825037792
696851631294456484689 456231167113417708381
236141345055462638366 194826629492907995600
723248707461109730817 68643461637476732717
736201968464907778985 461005762685787943080
737367082978368800818 632185069279102414860
476378752718436818570 226098219138016217688
32289561919252781480 25055068409691237534
812358585341590663152 29852560520607857847
863543987123456009773 15048019060015009843
974091065589884212998 55456729429311004543
365992204267335942846 343178322853844897349
706343999510537233577 440859503407567344652
70054175926370086164 21047279365836187623
810418974020011452666 313598223539510470639
38958281161259882710 5592536596583165833
714780081344768807973 426701020839339635365
750997881180241610043 726810268905256943752
720224863608507980269 572608890202525332100
869126054058861926738 246475413687001111153
732421178806342242180 347830624309563687478
5499129568619336814 1187672331037365765
197641458287482559701 58827370448688370767
991711455737231101028 676397639035770147536
561897368646081093912 198739250464209859579
359294816497827092016 317683909693992221482
512222726579336579617 89111935235320254086
643277608277687512309 353592211209253471136
985074857866998042009 613302330918445174098
728055075277180150287 246755675807970243701
955238751142336787053 233552087438904720659
849590476174794604363 621559604988194425026
257647694186070990000 131737463603962717163
349076385539648871323 329469001189582215729
566407522511554045453 447751955885422505325
952316009804340917249 663308490617128834577
771550823571704028541 157774285031841888620
907822018419355731497 20731841632817760150
795590788775552673461 547738028718476210217
391537904872295269882 133553919738289766373
111903213280144616760 34342791179015281559
555154049809997498817 158300058658435889184
480240480560753306446 172826451256457994416
36239073685435107184 105299874905712540
590906420696305018847 147586480681890176301
375913416487096856478 345318205284611270913
114816205135040716184 23052151628849086630
983913223328316115735 121270943077076206361
662168812606851673142 146576984206466826264
265557374497814216652 207169372700723526893
512657488906359809859 117799826654888819284
285782449871404054371 283571124004640008904
301321450692182203600 260481949386206002894
416814977275968111637 388063864119000392777
733887345507196499878 665885078927269093160
704814603669894293687 334808866335975291272
529759561760885556901 63091854269008047293
684450849395052011246 290222239454076879507
522066465702699618630 277987301690851815766
897605163550847446958 661087301446399711258
664137138208989484384 521117146269399889474
498276832041031044017 140235067600261033249
418295018299734201482 364671047540620856198
570442630620814294217 154609954596767451641
665559338808999240573 551010463253831815196
932734126646509588816 551850523800342105510
971378050419877108153 201168582526451180031
214096919982857774713 185397102636087683586
481797451424925797590 116566638209017843188
592706418349418812616 287625006353828640359
482406608701966983181 168177120389428269347
114834096230362656680 70895621603108892001
5564939028693685818 5414547048070978928
135754690691869021130 113217988482603491007
576191578575053238190 548321889179839975991
249919756565592032267 47191462824995296412
580932786188484067023 69743699259481914101
591216904007736804564 590027671432441009797
317795322829400599587 62293529064008339320
6083232168504276353 5534325845497355830
599291355030234740080 445025456175230082472
169465191835957971617 36243374734300371892
225640785647102599668 114715731651253458594
816226755261405008839 38920615608555633409
9266672403474310849 2301217519100254054
101149555596792611967 48607359227636839273
338128051886000668802 83202277942133161599
299338154494507441769 199499709383933400791
321393429292079375219 135368491634201488301
133735414309614376520 16661452569214589659
16634091290765912553 11145327237705179660
266340359711193445187 125693761821835177516
701604912470524781003 342648539191379726248
242176303044571348153 95265446755511122591
721804266935239410004 589845202154471987862
659778443741851525408 331016422056848115851
781654560022413671683 153859398018086948855
949228109538408919351 337860888337420176721
765229397970572625498 147768281657246005015
171596730106701064717 81419741342019350952
649624640589899074270 277573135208684967799
390041149962497907952 203586737295895935687
193340509078354458956 53692833243173022440
674444507978870212863 530231870644464454233
689203843011464185563 596325935830152815596
906606020399223957364 136333554938541658283
465522357488395279186 314800592774331242520
308698206315919022756 51931562111508663152
301305664485741668149 243996060675344717469
838595966843855527940 110043053198086371037
852505249328961146923 728342309486081225723
984594448335579377372 547081440986192640701
921448087155641166782 282186047197564150094
54458470613580297789 53081262629083796537
752069388749893507479 110318334514371914743
627147303271346003138 155043075944224747004
603384307863401398008 222622650874153255653
201418130754321938804 8571871173065417696
200692659312725208254 102861285034646140081
680806008793856197574 613518131992351875238
360408335699224753788 39466498982357063666
341174898185945235689 119300601775562623694
411772371941633260588 366301721875538806398
295639805159282272967 67603100799026237715
189296481441160450174 154001339615447510404
646379907734866268858 585746419111565175460
444448206640656104667 145280417907221192609
831134805916183492339 774679934381938779488
559857159701064767463 41044634205473840314
931122124133786935020 392924857049484391564
531906159245791484053 277871473687705233867
619834868694668715006 584516678303977643676
496783883833602106376 145891986426000703807
124090788250792140629 60522421753705772480
531274477084622522925 411148054133338368094
312235282713199613736 65584467299971607588
743115223792484352487 48599656915396285813
575523942852604121039 129081083785302455949
306793874229713667751 70481923053702532924
352913158735324164121 266530340920192228040
748391698952632988668 590174214087331053645
883758299535286589642 224472284054591429989
187704631441528181604 109471752759356133952
180481090247920823710 168978541952503791001
457576010506832822609 119445755847989847996
833687865487136836059 144843440488397701842
671572390615616126026 662344118738393638621
776145524513154204762 692306957182204493837
374721818920144294679 188368647580977025448
961816649526986129160 154033656112931185479
938923648499776906210 138988235819295146462
913071663750382514168 454276314430641314931
698907535730653566502 259549978741017697255
920956351776386978345 881920897347081738173
290671761996785012610 49913543101228533844
258191891567911915423 183839688234044999637
444902218423528671739 77824459727855794523
250999709903371708898 229966142996903680710
138713565523719018792 8790849460286248972
807259549838261915216 607570491982830891041
769152494104901495817 282884744567473328566
304921641898391809955 140624036345804522632
183532693460941088717 109804158218162760535
475099161040884729867 300374702953979556163
608946146592766765905 373146183487389212494
673223554752911286889 228523261522206326297
248459681935191850128 118521182659876191824
400813812098122658045 340761980745661942391
191721483874325324148 9106879807114200846
535487663374737340318 6256130434854652963
518583252262142572044 472223575721238202162
292326439194676555907 50711263422906389486
696771746135016723877 330779376310120817399
218773252067898507591 148208381310086063119
22758306564049171536 4661800943650870163
321381004450318443115 255073732182961826573
283557120013378912261 151271281341559783177
314207771690087634063 58821606618945227808
884967002041421279032 281356370218247150122
674162200678038053847 131050447520622393484
73311292355259176924 47086190139832282735
625178494196238061905 471178353705231479463
457528762243713883101 391227921744123618133
598950585547023072431 338015350055449985855
135464525295716062784 7784428894562667810
879900210658104858874 523591757610723552782
473574083295900350541 318723780612562709381
94081827173423006839 18053907556926834149
697380067271910106082 31139442918299847018
620859715626358930460 221946006459592721275
774083582131451711909 170153228442749993851
3829537937560071260 3393859581077561766
156005243430583034267 111792123120962644488
476628749922369126604 160490272003588730922
378646015898439780903 143583752172764708632
248133907010693344309 139997050871565992603
284467705465168457569 211789669562624616068
707585641571557439094 504008525224390706946
140163744333302306489 73474609732127236356
705062751668238080327 361912149862861401440
912932300365847908451 117128114767058283176
783333189350598955132 582830009556168907695
226936752522646465307 181555982271969096443
133084533344531983342 44008912635133981330
172082185899424875365 8137777077828169037
788564578329563148622 89629924617366361047
27045279549490014433 25695374886317724305
651525004077278649788 401034205180986977673
285803324025632257458 136036963675108195292
26354058147318669316 95887400219010767
53743135765867908782 7879037470748055829
804882224666846352301 14150275187847452362
163922486211716763899 87845912525645818035
681995865401715639455 469793976982112758923
237645260965456820978 199196526493870853707
641372430772356104136 628950564855698296663
311199055343476706877 168610305040075957999
718232263715225517469 220826446302035756676
868917732798092623735 246164427391937027313
411917572817674646410 262558512409181265921
698591744818946694015 243027040302282616730
697430527158824315531 568331831289051623564
895579122226942555425 531247412846588077786
693606675314671187317 516031750214517749709
66156607193420365802 44636236456260069595
393554888063324924956 248803138124116222454
525890607831479254834 255730936310472586914
306448073674578941720 42996066598153714922
720330978769737596958 561772369496992456979
358615083153089084971 92073802988503054011
200863901173623357941 60108703203620178429
107015601772975951573 90621413748959347954
798028336022772803866 749520741979972743659
108172390083439332417 65764843332838521292
73625585584669752500 60224825828129521638
250214342976111092314 10520816655043269501
888494982567880036278 222475464781593561906
644327447583627442376 339010992933856704803
414342275882469469323 348865419714804637413
457004121212166059354 68834390276292279134
509671824938103055268 28206913652072682409
103745135803149620024 91339980504987167853
310741778915217001425 245775820210760531210
954632001909024933868 130168987201124059063
686841298443851900668 174714412002892870410
262939107809340125053 13334662845548222495
29571013100630112641 28578423300113613522
230354059760560595780 38544061729797107815
43251040087927603000 26100602283282722125
173312307999496899835 147152672261632487397
609346317722348669540 17998694338171588836
540403427955654356026 40406383116185297223
365014349930897720872 339814097096975647415
85128895588918326235 5246057546945927161
733822724841162132173 357663361783286441339
382921388367613431137 330128091391518208841
527194649075244546084 342235731400252267160
864585813280180176196 75587243828867832716
576147381432850189466 469305834592064016892
451529411336573474202 42716553673738723255
325046894758682215172 183869034150763931091
318108138881139984040 100751156065358088323
198040930211720003802 175468974827249065605
943236091077038076907 647009052864891724581
524635256349718504456 323288190729374587523
302786259461533780506 13859778782974222329
383328528554712447086 143265987121368589826
816084569615709637560 788521316688123568053
136932397172362213215 25798764765318054391
889287553596883346945 775198131378791343930
142135097972138499410 42937458050635530001
627430476379953624011 525836912232056882911
352295625404727100833 218578601820281624883
271130549821485860751 236732296255787466383
639557984214594170617 116575576443928964160
34689367575783792262 9274128204926251715
671228630804395156284 661540201059481245659
594336801432577602391 143714436387731607723
559534984997163294634 498123216671042373272
696039315517264226217 158996858392920315764
947176127405132470285 698754926493353222887
668515166486483864971 450252504218686093520
295417044766296348800 188190440744005947866
541619385072337620831 343842405594184704161
998012465172525637788 962600230776769296867
778002625916825553373 332397708457662394658
622242595847266267507 14280018216773132356
355281361382344589378 149707363832855036916
312221711717461890618 51035698033930538060
150945577965528421841 55939038836249324549
272200742134960392165 263841897209050029295
760201087530840576315 664923028394875597657
327895089849059583826 255780414282319473737
613427488548527622714 354368032610608122820
929068098840153541566 724317776840120684402
724147054260052870251 519863026968461821733
771197021943721597175 729192454045627595975
944120380167859620574 890130736513630749151
751601215561423988784 197602063854437080249
97751278539872400364 43458959162356858838
432929675682219868485 338758917304135098730
621509571408546785445 142596480414484853193
802206094044619955600 744691945296718410605
402557610010931896066 20028895837567744853
82768952873512954872 25448232839777563714
343585097320815971494 206411548106496652004
814699141429290178116 131934593404034760340
682191432283060027576 402309135277115677500
268452979071068308087 135921588400688491022
345419484737260056940 217976669549975933417
764917191240001771492 495860461663444652929
191980738245082894488 21006120040842788730
512723720811867347001 173425407895077296142
503155220951973136708 485740163735333550987
223482297028208888257 156200497223122360844
809294609406520457448 568732343411950823
235343792231921825174 44525662917347734569
781779825510947754173 739773225617390082478
913067720989038839595 723862381836143735442
480534205901975715809 300287203032880003823
91114773583089477471 8599704722716058890
238742194460036123297 153969317001982504623
904416850302184517678 681977354524368787977
808594432709068254706 268138095445229106176
108105352149779230001 107323433093609813337
300864937729749778881 171911416185917549389
31634020257791766847 29281569954743125464
628986425981703955400 601516547122995607131
290028635334934468881 5494052903256640519
492419751526510815779 357413774928701335833
224258170973011449186 144939335060131273964
961650231589814581483 220750415686771612282
734004171002753082410 652017525470699217057
339146209943649423806 255851432383366894587
399655015403805226107 161076866616338656983
143034091347018067202 65627308861906288461
123112911230622071909 57512023722964998828
11581814617863413205 9459868782897778944
129431685503305950822 69499649049318089206
759133094949123349055 287351386004088422734
780817662519190420508 180304637333446976268
453450542577737645594 312860044090836726278
670350139018930668616 319703831863482169727
783018699529686256176 633328687408329692740
286334050305294778509 71995098013625653478
520118406562150198839 484111723221744273927
94538356357519507387 59106972008659292308
758206000695681485676 541613944404167602181
79258937066417457656 30062998054224388249
482116265321271717096 88465467938564858311
587243727813772989833 363048141355551130022
36616675551211326464 27291808049048394644
227880761189847999959 196830239971561265640
812900911324243169612 346663869073949582909
803876477781433446687 161539486983251688730
789640090763148599492 365888663212070894573
250488769506776438065 149067278280911512766
700178980938980814325 213294313293169913559
483751054379080817223 473342564597219754185
340823342399551268929 242001466917820525357
460937037564278695341 317112352383509387278
595269654935417391862 379144678480156240688
786679547609322760367 175918002437179902128
387053217825780067932 111927209154323873150
296268459263749189320 163818841516264303699
535556168573980138564 453078345959709280707
289666924178032898662 89678062747110528246
812954172021388705470 169855722549669447948
146369641602087713565 26952716339609174583
90694644978907125062 52334255491253844108
585988061340335052278 292463063299806970932
119885864979162546904 82548873234028842137
851373994312445771639 450829199005879627311
279476944198088951370 46441404540116773277
145076401909053574953 111364810264964705664
151706152434054460536 117793130211025434297
251667625621350383263 104642690407607462423
856554616229750253510 124678875693248290054
201032346949909588734 29857744427958357586
234511958897762212870 1552458616452688822
721141507284661721815 94347460497770426639
679766837246728277159 647032859752395157183
592616562530193992880 31031300726711703992
119002658861710545067 7395577329480832918
141390200714872328027 23003560926275774499
180835444408258816084 95691995544805924302
86204108382516322480 36427215145228964623
2028856345561394138 177966569602845195
604966336872865626855 529804970833989448675
239388856254232535403 56926512760441334955
950046668250395963056 93076502674781094976
384320895502695196867 159358465177367994018
450953332388137571209 200805134914137204220
392942201929922466878 391169603128880522400
980472837784788774099 225084434602755967430
631269895708650243527 575468473926019368890
506719412477779232550 77675854141678323334
117077877868450291598 39668050507789818941
681724281831961565071 592694849178449788492
328955654988109051531 122726999418178396649
93567416049122401818 15891511410566969520
870556160361766081877 851351616061492278378
792806217196945911780 490709788660268733801
727967617978142641682 471894039864558934256
41342737493183457602 36708378361534306834
895565452701242011729 528410751821374147003
573009321042436078807 552304168092865372989
394827406092576387428 286138674701713312108
614312214090164040503 67647077312128272203
655709735661509975223 280746139546840219156
186630769803686258121 113757561638030324048
374122849788710759304 296841270756905702525
574698584200505340867 387496298715336247130
927727736117264168370 862887868232842693602
242770799965517978044 67565407991792725098
447566663088639316684 73785195482783729076
853126789313014773142 309229446113899232815
470512509663307996825 456416926446871940233
273008916902314212835 94695707879464638785
58317885079407948483 26483988011021289456
62590390200857464971 28144881367616035478
45760686261150626798 45221157096890089746
173914686640289252117 80120851433328773185
431593756916623817436 154526759115415991778
751726604561896130645 81441006378694772104
140808383228030074700 49606199849679290843
739275249169551953933 130478065070538797183
666930082813181274001 147462873528150600321
948758512200665539263 664140260472789484577
574356536272524020007 297628515351774709438
132982641918389129073 88709519542732690427
593563128822849889159 41961310413965314069
360864254422882501548 124141159401861400123
809234905479834371132 621296625872964996624
206762471949887383979 103105445753565096487
56738466538631633862 47261750570923305796
645752370493371704578 316954952508699312170
57348414915213490805 38831755649606807859
550212062316623657710 143738118227712070872
41953042101223709109 35934770463703219372
179478132358988363740 104364578436211174609
933867133248624770287 368364671457498904241
926341139740049052785 396472471903832481418
357747429037768686987 201417007389476313373
17242920244975847811 7263406907698079914
336606155272522777358 252337748725034697208
615046919906457793511 591386248568245039813
792708505307545551798 381844663644043677583
754110806313970205176 353737808078632440109
123886348548119257618 68917930310926565002
643127751142729161453 1703434386977456028
728086654088234009766 524570938681907501437
12473856727839163905 11545707127270240008
330157439207380381475 139697441537632769558
597990724794520239002 542491914613162089295
473325519573032089711 17645277520759304824
140299491505281372062 105174196499603747346
574118210729389657223 342630621101874740321
245398667776424397186 153414686232461774375
683484837053855107359 519897580260162531851
50814365008585114162 35265987665109769314
117458189802266024033 113676634940415002914
87310062521137212649 28708523521283359051
366402632536915014012 359247112981356842232
618289019837992592140 57576656774552543023
950875735812029365794 817222790891247269532
20424207981759358022 9568082960081951887
869026832940189885054 76763714638576889996
205267417176382214894 13309863817381520188
389323856728282973254 83726524615783954044
419861702640331012715 142034580308921126973
421132676535766387921 57030249714483871068
712688287157837041568 140156736075324339054
153233769319759699780 135626274644191814668
382429087464659679452 59821909116974244363
313520548142999216926 85543151567884375525
111878345637884856621 29005476858403562079
601696902539640353523 96340130624692447721
759549960397428274492 243326639934466035936
875104866660107652829 823651587025739581847
128390904698443681908 88838927712151384359
178275406925540693070 82320384991110133926
1373534017103969689 315285110029932133
939553569477210374742 708732977026402390475
822942835757992401892 427690641578854335119
844615873726478655819 566979342924386661186
341227403899388785302 328246754100330756547
81959478537472003830 53323267364179826688
197375180443049065112 99054429640579309520
807214470688595509263 30551051272098561509
848085833330753908894 641956854668754432492
77927388921062165271 24819774669645000070
183757097680636536057 106033795454719330545
672089457013414737425 562234767291598710501
494750893189921741504 298655931070695347331
797118945872854202672 193388039355033875333
420755514393172667020 395544295449647201689
663736932832384497003 46263657504175158010
848803168458668257863 450568512740886506656
644737418821743744176 559993922891627743231
217220556545706475695 95363092668129659770
12386040883409512109 1054658937263635266
670208605406264952189 349928710571711996790
885254518936029867146 432025640524154317063
749364107144837029280 490426804816154380861
942628528178648073769 51617550563332600498
480781683916693702801 383209272664208652454
628748545968519087404 401053237160832296559
79283684835116243370 14500345341892407762
614145491342558979531 414785610454494417283
93068400657499674438 17413125273561696847
880434285870185918483 359729610020608590980
86382550835301111535 62493397546009099575
28035402817941863940 17675000668096417205
256103825554011552745 160335988834503843910
787929032594859265613 394707611671331368234
332168208251651026134 2779861673912330874
651067524032531828982 348108829620542673195
784899689678348209119 349120061543759146343
812197653649178692315 413403352930594038324
509054832299141576831 109014914605258948482
776120117773409027896 123338985301437397892
26753730566475509330 22407765985754055225
366356925097719119138 329188942590321840726
427873882697746362236 379598642244708291316
129352758262548765662 100163371647438659542
74614104848372357523 40866839389428189325
468533152149134985868 292432970316360291315
419340473947005553177 207388297832971833451
592043228943270790857 370221093149658943642
164685449435112283004 40550603914700561319
931716520756696608814 226024839327698963502
942433823242489093082 793473352027317904447
125557822307630154097 49698620900169543849
502184681951941128919 466232909998185350679
439713568424021745229 304739903527750489945
66062510248586207752 34303036295148369792
162496231925648512394 134041182509455922401
439263804617244747098 311625390848880569539
429858487961626786289 218999686668231720456
246352531383173895592 233277934907176686096
460492183340767052356 159529470936347137472
172839719810159782262 47139462194271809996
952992079323736741625 265052964804050994894
601243240104651072547 6087902512146977922
52948790390811035212 50252599690303905016
170908772064759891158 53675275634508734866
438511637420704670178 267967095636845271505
